1	1	5	201
1	1	6	229
1	1	7	252
1	2	5	160.8
1	2	6	183.2
1	2	7	201.6
2	1	5	196
2	1	6	224
2	1	7	247
2	2	5	156.8
2	2	6	179.2
2	2	7	197.6
3	1	5	206
3	1	6	234
3	1	7	256
3	2	5	164.8
3	2	6	187.2
3	2	7	204.8
4	1	5	172
4	1	6	201
4	1	7	225
4	2	5	137.6
4	2	6	160.8
4	2	7	180
5	1	5	172
5	1	6	201
5	1	7	225
5	2	5	137.6
5	2	6	160.8
5	2	7	180
6	1	5	190
6	1	6	219
6	1	7	242
6	2	5	152
6	2	6	175.2
6	2	7	193.6
7	1	5	196
7	1	6	224
7	1	7	247
7	2	5	156.8
7	2	6	179.2
7	2	7	197.6
8	1	5	201
8	1	6	229
8	1	7	252
8	2	5	160.8
8	2	6	183.2
8	2	7	201.6
9	1	5	201
9	1	6	229
9	1	7	252
9	2	5	160.8
9	2	6	183.2
9	2	7	201.6
10	1	5	172
10	1	6	201
10	1	7	225
10	2	5	137.6
10	2	6	160.8
10	2	7	180
11	1	5	158
11	1	6	188
11	1	7	212
11	2	5	126.4
11	2	6	150.4
11	2	7	169.6
12	1	5	196
12	1	6	224
12	1	7	247
12	2	5	156.8
12	2	6	179.2
12	2	7	197.6
13	1	5	184
13	1	6	213
13	1	7	236
13	2	5	147.2
13	2	6	170.4
13	2	7	188.8
14	1	5	165
14	1	6	195
14	1	7	219
14	2	5	132
14	2	6	156
14	2	7	175.2
15	1	5	151
15	1	6	181
15	1	7	205
15	2	5	120.8
15	2	6	144.8
15	2	7	164
16	1	5	165
16	1	6	195
16	1	7	219
16	2	5	132
16	2	6	156
16	2	7	175.2
17	1	5	184
17	1	6	213
17	1	7	236
17	2	5	147.2
17	2	6	170.4
17	2	7	188.8
18	1	5	165
18	1	6	195
18	1	7	219
18	2	5	132
18	2	6	156
18	2	7	175.2
19	1	5	206
19	1	6	234
19	1	7	256
19	2	5	164.8
19	2	6	187.2
19	2	7	204.8
20	1	5	172
20	1	6	201
20	1	7	225
20	2	5	137.6
20	2	6	160.8
20	2	7	180
21	1	5	165
21	1	6	195
21	1	7	219
21	2	5	132
21	2	6	156
21	2	7	175.2
22	1	5	158
22	1	6	188
22	1	7	212
22	2	5	126.4
22	2	6	150.4
22	2	7	169.6
23	1	5	206
23	1	6	234
23	1	7	256
23	2	5	164.8
23	2	6	187.2
23	2	7	204.8
24	1	5	158
24	1	6	188
24	1	7	212
24	2	5	126.4
24	2	6	150.4
24	2	7	169.6
25	1	5	184
25	1	6	213
25	1	7	236
25	2	5	147.2
25	2	6	170.4
25	2	7	188.8
26	1	5	178
26	1	6	207
26	1	7	231
26	2	5	142.4
26	2	6	165.6
26	2	7	184.8
27	1	5	151
27	1	6	181
27	1	7	205
27	2	5	120.8
27	2	6	144.8
27	2	7	164
28	1	5	172
28	1	6	201
28	1	7	225
28	2	5	137.6
28	2	6	160.8
28	2	7	180
29	1	5	201
29	1	6	229
29	1	7	252
29	2	5	160.8
29	2	6	183.2
29	2	7	201.6
30	1	5	190
30	1	6	219
30	1	7	242
30	2	5	152
30	2	6	175.2
30	2	7	193.6
31	1	5	151
31	1	6	181
31	1	7	205
31	2	5	120.8
31	2	6	144.8
31	2	7	164
32	1	5	165
32	1	6	195
32	1	7	219
32	2	5	132
32	2	6	156
32	2	7	175.2
33	1	5	206
33	1	6	234
33	1	7	256
33	2	5	164.8
33	2	6	187.2
33	2	7	204.8
34	1	5	190
34	1	6	219
34	1	7	242
34	2	5	152
34	2	6	175.2
34	2	7	193.6
35	1	5	184
35	1	6	213
35	1	7	236
35	2	5	147.2
35	2	6	170.4
35	2	7	188.8
36	1	5	165
36	1	6	195
36	1	7	219
36	2	5	132
36	2	6	156
36	2	7	175.2
37	1	5	201
37	1	6	229
37	1	7	252
37	2	5	160.8
37	2	6	183.2
37	2	7	201.6
38	1	5	165
38	1	6	195
38	1	7	219
38	2	5	132
38	2	6	156
38	2	7	175.2
39	1	5	172
39	1	6	201
39	1	7	225
39	2	5	137.6
39	2	6	160.8
39	2	7	180
40	1	5	184
40	1	6	213
40	1	7	236
40	2	5	147.2
40	2	6	170.4
40	2	7	188.8
41	1	5	151
41	1	6	181
41	1	7	205
41	2	5	120.8
41	2	6	144.8
41	2	7	164
42	1	5	158
42	1	6	188
42	1	7	212
42	2	5	126.4
42	2	6	150.4
42	2	7	169.6
43	1	5	178
43	1	6	207
43	1	7	231
43	2	5	142.4
43	2	6	165.6
43	2	7	184.8
44	1	5	184
44	1	6	213
44	1	7	236
44	2	5	147.2
44	2	6	170.4
44	2	7	188.8
45	1	5	190
45	1	6	219
45	1	7	242
45	2	5	152
45	2	6	175.2
45	2	7	193.6
46	1	5	196
46	1	6	224
46	1	7	247
46	2	5	156.8
46	2	6	179.2
46	2	7	197.6
47	1	5	201
47	1	6	229
47	1	7	252
47	2	5	160.8
47	2	6	183.2
47	2	7	201.6
48	1	5	201
48	1	6	229
48	1	7	252
48	2	5	160.8
48	2	6	183.2
48	2	7	201.6
49	1	5	184
49	1	6	213
49	1	7	236
49	2	5	147.2
49	2	6	170.4
49	2	7	188.8
50	1	5	165
50	1	6	195
50	1	7	219
50	2	5	132
50	2	6	156
50	2	7	175.2
51	1	5	206
51	1	6	234
51	1	7	256
51	2	5	164.8
51	2	6	187.2
51	2	7	204.8
52	1	5	172
52	1	6	201
52	1	7	225
52	2	5	137.6
52	2	6	160.8
52	2	7	180
53	1	5	165
53	1	6	195
53	1	7	219
53	2	5	132
53	2	6	156
53	2	7	175.2
54	1	5	201
54	1	6	229
54	1	7	252
54	2	5	160.8
54	2	6	183.2
54	2	7	201.6
55	1	5	190
55	1	6	219
55	1	7	242
55	2	5	152
55	2	6	175.2
55	2	7	193.6
56	1	5	172
56	1	6	201
56	1	7	225
56	2	5	137.6
56	2	6	160.8
56	2	7	180
57	1	5	151
57	1	6	181
57	1	7	205
57	2	5	120.8
57	2	6	144.8
57	2	7	164
58	1	5	196
58	1	6	224
58	1	7	247
58	2	5	156.8
58	2	6	179.2
58	2	7	197.6
59	1	5	151
59	1	6	181
59	1	7	205
59	2	5	120.8
59	2	6	144.8
59	2	7	164
60	1	5	165
60	1	6	195
60	1	7	219
60	2	5	132
60	2	6	156
60	2	7	175.2
61	1	5	190
61	1	6	219
61	1	7	242
61	2	5	152
61	2	6	175.2
61	2	7	193.6
62	1	5	201
62	1	6	229
62	1	7	252
62	2	5	160.8
62	2	6	183.2
62	2	7	201.6
63	1	5	151
63	1	6	181
63	1	7	205
63	2	5	120.8
63	2	6	144.8
63	2	7	164
64	1	5	206
64	1	6	234
64	1	7	256
64	2	5	164.8
64	2	6	187.2
64	2	7	204.8
65	1	5	190
65	1	6	219
65	1	7	242
65	2	5	152
65	2	6	175.2
65	2	7	193.6
66	1	5	172
66	1	6	201
66	1	7	225
66	2	5	137.6
66	2	6	160.8
66	2	7	180
67	1	5	190
67	1	6	219
67	1	7	242
67	2	5	152
67	2	6	175.2
67	2	7	193.6
68	1	5	201
68	1	6	229
68	1	7	252
68	2	5	160.8
68	2	6	183.2
68	2	7	201.6
69	1	5	190
69	1	6	219
69	1	7	242
69	2	5	152
69	2	6	175.2
69	2	7	193.6
70	1	5	172
70	1	6	201
70	1	7	225
70	2	5	137.6
70	2	6	160.8
70	2	7	180
71	1	5	165
71	1	6	195
71	1	7	219
71	2	5	132
71	2	6	156
71	2	7	175.2
72	1	5	206
72	1	6	234
72	1	7	256
72	2	5	164.8
72	2	6	187.2
72	2	7	204.8
73	1	5	206
73	1	6	234
73	1	7	256
73	2	5	164.8
73	2	6	187.2
73	2	7	204.8
74	1	5	178
74	1	6	207
74	1	7	231
74	2	5	142.4
74	2	6	165.6
74	2	7	184.8
75	1	5	172
75	1	6	201
75	1	7	225
75	2	5	137.6
75	2	6	160.8
75	2	7	180
76	1	5	165
76	1	6	195
76	1	7	219
76	2	5	132
76	2	6	156
76	2	7	175.2
77	1	5	151
77	1	6	181
77	1	7	205
77	2	5	120.8
77	2	6	144.8
77	2	7	164
78	1	5	165
78	1	6	195
78	1	7	219
78	2	5	132
78	2	6	156
78	2	7	175.2
79	1	5	184
79	1	6	213
79	1	7	236
79	2	5	147.2
79	2	6	170.4
79	2	7	188.8
80	1	5	190
80	1	6	219
80	1	7	242
80	2	5	152
80	2	6	175.2
80	2	7	193.6
81	1	5	165
81	1	6	195
81	1	7	219
81	2	5	132
81	2	6	156
81	2	7	175.2
82	1	5	184
82	1	6	213
82	1	7	236
82	2	5	147.2
82	2	6	170.4
82	2	7	188.8
83	1	5	201
83	1	6	229
83	1	7	252
83	2	5	160.8
83	2	6	183.2
83	2	7	201.6
84	1	5	201
84	1	6	229
84	1	7	252
84	2	5	160.8
84	2	6	183.2
84	2	7	201.6
85	1	5	190
85	1	6	219
85	1	7	242
85	2	5	152
85	2	6	175.2
85	2	7	193.6
86	1	5	165
86	1	6	195
86	1	7	219
86	2	5	132
86	2	6	156
86	2	7	175.2
87	1	5	165
87	1	6	195
87	1	7	219
87	2	5	132
87	2	6	156
87	2	7	175.2
88	1	5	151
88	1	6	181
88	1	7	205
88	2	5	120.8
88	2	6	144.8
88	2	7	164
89	1	5	151
89	1	6	181
89	1	7	205
89	2	5	120.8
89	2	6	144.8
89	2	7	164
90	1	5	196
90	1	6	224
90	1	7	247
90	2	5	156.8
90	2	6	179.2
90	2	7	197.6
91	1	5	151
91	1	6	181
91	1	7	205
91	2	5	120.8
91	2	6	144.8
91	2	7	164
92	1	5	196
92	1	6	224
92	1	7	247
92	2	5	156.8
92	2	6	179.2
92	2	7	197.6
93	1	5	201
93	1	6	229
93	1	7	252
93	2	5	160.8
93	2	6	183.2
93	2	7	201.6
94	1	5	165
94	1	6	195
94	1	7	219
94	2	5	132
94	2	6	156
94	2	7	175.2
95	1	5	196
95	1	6	224
95	1	7	247
95	2	5	156.8
95	2	6	179.2
95	2	7	197.6
96	1	5	201
96	1	6	229
96	1	7	252
96	2	5	160.8
96	2	6	183.2
96	2	7	201.6
97	1	5	206
97	1	6	234
97	1	7	256
97	2	5	164.8
97	2	6	187.2
97	2	7	204.8
98	1	5	201
98	1	6	229
98	1	7	252
98	2	5	160.8
98	2	6	183.2
98	2	7	201.6
99	1	5	165
99	1	6	195
99	1	7	219
99	2	5	132
99	2	6	156
99	2	7	175.2
100	1	5	190
100	1	6	219
100	1	7	242
100	2	5	152
100	2	6	175.2
100	2	7	193.6
101	1	5	206
101	1	6	234
101	1	7	256
101	2	5	164.8
101	2	6	187.2
101	2	7	204.8
102	1	5	184
102	1	6	213
102	1	7	236
102	2	5	147.2
102	2	6	170.4
102	2	7	188.8
103	1	5	172
103	1	6	201
103	1	7	225
103	2	5	137.6
103	2	6	160.8
103	2	7	180
104	1	5	151
104	1	6	181
104	1	7	205
104	2	5	120.8
104	2	6	144.8
104	2	7	164
105	1	5	172
105	1	6	201
105	1	7	225
105	2	5	137.6
105	2	6	160.8
105	2	7	180
106	1	5	196
106	1	6	224
106	1	7	247
106	2	5	156.8
106	2	6	179.2
106	2	7	197.6
107	1	5	196
107	1	6	224
107	1	7	247
107	2	5	156.8
107	2	6	179.2
107	2	7	197.6
108	1	5	206
108	1	6	234
108	1	7	256
108	2	5	164.8
108	2	6	187.2
108	2	7	204.8
109	1	5	178
109	1	6	207
109	1	7	231
109	2	5	142.4
109	2	6	165.6
109	2	7	184.8
110	1	5	201
110	1	6	229
110	1	7	252
110	2	5	160.8
110	2	6	183.2
110	2	7	201.6
111	1	5	172
111	1	6	201
111	1	7	225
111	2	5	137.6
111	2	6	160.8
111	2	7	180
112	1	5	206
112	1	6	234
112	1	7	256
112	2	5	164.8
112	2	6	187.2
112	2	7	204.8
113	1	5	190
113	1	6	219
113	1	7	242
113	2	5	152
113	2	6	175.2
113	2	7	193.6
114	1	5	172
114	1	6	201
114	1	7	225
114	2	5	137.6
114	2	6	160.8
114	2	7	180
115	1	5	196
115	1	6	224
115	1	7	247
115	2	5	156.8
115	2	6	179.2
115	2	7	197.6
116	1	5	165
116	1	6	195
116	1	7	219
116	2	5	132
116	2	6	156
116	2	7	175.2
117	1	5	165
117	1	6	195
117	1	7	219
117	2	5	132
117	2	6	156
117	2	7	175.2
118	1	5	151
118	1	6	181
118	1	7	205
118	2	5	120.8
118	2	6	144.8
118	2	7	164
119	1	5	172
119	1	6	201
119	1	7	225
119	2	5	137.6
119	2	6	160.8
119	2	7	180
120	1	5	158
120	1	6	188
120	1	7	212
120	2	5	126.4
120	2	6	150.4
120	2	7	169.6
121	1	5	178
121	1	6	207
121	1	7	231
121	2	5	142.4
121	2	6	165.6
121	2	7	184.8
122	1	5	151
122	1	6	181
122	1	7	205
122	2	5	120.8
122	2	6	144.8
122	2	7	164
123	1	5	165
123	1	6	195
123	1	7	219
123	2	5	132
123	2	6	156
123	2	7	175.2
124	1	5	172
124	1	6	201
124	1	7	225
124	2	5	137.6
124	2	6	160.8
124	2	7	180
125	1	5	196
125	1	6	224
125	1	7	247
125	2	5	156.8
125	2	6	179.2
125	2	7	197.6
126	1	5	172
126	1	6	201
126	1	7	225
126	2	5	137.6
126	2	6	160.8
126	2	7	180
127	1	5	201
127	1	6	229
127	1	7	252
127	2	5	160.8
127	2	6	183.2
127	2	7	201.6
128	1	5	201
128	1	6	229
128	1	7	252
128	2	5	160.8
128	2	6	183.2
128	2	7	201.6
129	1	5	158
129	1	6	188
129	1	7	212
129	2	5	126.4
129	2	6	150.4
129	2	7	169.6
130	1	5	178
130	1	6	207
130	1	7	231
130	2	5	142.4
130	2	6	165.6
130	2	7	184.8
131	1	5	172
131	1	6	201
131	1	7	225
131	2	5	137.6
131	2	6	160.8
131	2	7	180
132	1	5	190
132	1	6	219
132	1	7	242
132	2	5	152
132	2	6	175.2
132	2	7	193.6
133	1	5	172
133	1	6	201
133	1	7	225
133	2	5	137.6
133	2	6	160.8
133	2	7	180
134	1	5	201
134	1	6	229
134	1	7	252
134	2	5	160.8
134	2	6	183.2
134	2	7	201.6
135	1	5	196
135	1	6	224
135	1	7	247
135	2	5	156.8
135	2	6	179.2
135	2	7	197.6
136	1	5	206
136	1	6	234
136	1	7	256
136	2	5	164.8
136	2	6	187.2
136	2	7	204.8
137	1	5	165
137	1	6	195
137	1	7	219
137	2	5	132
137	2	6	156
137	2	7	175.2
138	1	5	190
138	1	6	219
138	1	7	242
138	2	5	152
138	2	6	175.2
138	2	7	193.6
139	1	5	172
139	1	6	201
139	1	7	225
139	2	5	137.6
139	2	6	160.8
139	2	7	180
140	1	5	151
140	1	6	181
140	1	7	205
140	2	5	120.8
140	2	6	144.8
140	2	7	164
141	1	5	165
141	1	6	195
141	1	7	219
141	2	5	132
141	2	6	156
141	2	7	175.2
142	1	5	190
142	1	6	219
142	1	7	242
142	2	5	152
142	2	6	175.2
142	2	7	193.6
143	1	5	151
143	1	6	181
143	1	7	205
143	2	5	120.8
143	2	6	144.8
143	2	7	164
144	1	5	201
144	1	6	229
144	1	7	252
144	2	5	160.8
144	2	6	183.2
144	2	7	201.6
145	1	5	165
145	1	6	195
145	1	7	219
145	2	5	132
145	2	6	156
145	2	7	175.2
146	1	5	190
146	1	6	219
146	1	7	242
146	2	5	152
146	2	6	175.2
146	2	7	193.6
147	1	5	201
147	1	6	229
147	1	7	252
147	2	5	160.8
147	2	6	183.2
147	2	7	201.6
148	1	5	151
148	1	6	181
148	1	7	205
148	2	5	120.8
148	2	6	144.8
148	2	7	164
149	1	5	190
149	1	6	219
149	1	7	242
149	2	5	152
149	2	6	175.2
149	2	7	193.6
150	1	5	201
150	1	6	229
150	1	7	252
150	2	5	160.8
150	2	6	183.2
150	2	7	201.6
151	1	5	184
151	1	6	213
151	1	7	236
151	2	5	147.2
151	2	6	170.4
151	2	7	188.8
152	1	5	201
152	1	6	229
152	1	7	252
152	2	5	160.8
152	2	6	183.2
152	2	7	201.6
153	1	5	151
153	1	6	181
153	1	7	205
153	2	5	120.8
153	2	6	144.8
153	2	7	164
154	1	5	158
154	1	6	188
154	1	7	212
154	2	5	126.4
154	2	6	150.4
154	2	7	169.6
155	1	5	184
155	1	6	213
155	1	7	236
155	2	5	147.2
155	2	6	170.4
155	2	7	188.8
156	1	5	190
156	1	6	219
156	1	7	242
156	2	5	152
156	2	6	175.2
156	2	7	193.6
157	1	5	151
157	1	6	181
157	1	7	205
157	2	5	120.8
157	2	6	144.8
157	2	7	164
158	1	5	172
158	1	6	201
158	1	7	225
158	2	5	137.6
158	2	6	160.8
158	2	7	180
159	1	5	158
159	1	6	188
159	1	7	212
159	2	5	126.4
159	2	6	150.4
159	2	7	169.6
160	1	5	196
160	1	6	224
160	1	7	247
160	2	5	156.8
160	2	6	179.2
160	2	7	197.6
161	1	5	201
161	1	6	229
161	1	7	252
161	2	5	160.8
161	2	6	183.2
161	2	7	201.6
162	1	5	158
162	1	6	188
162	1	7	212
162	2	5	126.4
162	2	6	150.4
162	2	7	169.6
163	1	5	184
163	1	6	213
163	1	7	236
163	2	5	147.2
163	2	6	170.4
163	2	7	188.8
164	1	5	190
164	1	6	219
164	1	7	242
164	2	5	152
164	2	6	175.2
164	2	7	193.6
165	1	5	165
165	1	6	195
165	1	7	219
165	2	5	132
165	2	6	156
165	2	7	175.2
166	1	5	201
166	1	6	229
166	1	7	252
166	2	5	160.8
166	2	6	183.2
166	2	7	201.6
167	1	5	184
167	1	6	213
167	1	7	236
167	2	5	147.2
167	2	6	170.4
167	2	7	188.8
168	1	5	206
168	1	6	234
168	1	7	256
168	2	5	164.8
168	2	6	187.2
168	2	7	204.8
169	1	5	196
169	1	6	224
169	1	7	247
169	2	5	156.8
169	2	6	179.2
169	2	7	197.6
170	1	5	196
170	1	6	224
170	1	7	247
170	2	5	156.8
170	2	6	179.2
170	2	7	197.6
171	1	5	201
171	1	6	229
171	1	7	252
171	2	5	160.8
171	2	6	183.2
171	2	7	201.6
172	1	5	151
172	1	6	181
172	1	7	205
172	2	5	120.8
172	2	6	144.8
172	2	7	164
173	1	5	158
173	1	6	188
173	1	7	212
173	2	5	126.4
173	2	6	150.4
173	2	7	169.6
174	1	5	190
174	1	6	219
174	1	7	242
174	2	5	152
174	2	6	175.2
174	2	7	193.6
175	1	5	184
175	1	6	213
175	1	7	236
175	2	5	147.2
175	2	6	170.4
175	2	7	188.8
176	1	5	158
176	1	6	188
176	1	7	212
176	2	5	126.4
176	2	6	150.4
176	2	7	169.6
177	1	5	196
177	1	6	224
177	1	7	247
177	2	5	156.8
177	2	6	179.2
177	2	7	197.6
178	1	5	178
178	1	6	207
178	1	7	231
178	2	5	142.4
178	2	6	165.6
178	2	7	184.8
179	1	5	206
179	1	6	234
179	1	7	256
179	2	5	164.8
179	2	6	187.2
179	2	7	204.8
180	1	5	165
180	1	6	195
180	1	7	219
180	2	5	132
180	2	6	156
180	2	7	175.2
181	1	5	190
181	1	6	219
181	1	7	242
181	2	5	152
181	2	6	175.2
181	2	7	193.6
182	1	5	201
182	1	6	229
182	1	7	252
182	2	5	160.8
182	2	6	183.2
182	2	7	201.6
183	1	5	206
183	1	6	234
183	1	7	256
183	2	5	164.8
183	2	6	187.2
183	2	7	204.8
184	1	5	206
184	1	6	234
184	1	7	256
184	2	5	164.8
184	2	6	187.2
184	2	7	204.8
185	1	5	172
185	1	6	201
185	1	7	225
185	2	5	137.6
185	2	6	160.8
185	2	7	180
186	1	5	158
186	1	6	188
186	1	7	212
186	2	5	126.4
186	2	6	150.4
186	2	7	169.6
187	1	5	206
187	1	6	234
187	1	7	256
187	2	5	164.8
187	2	6	187.2
187	2	7	204.8
188	1	5	190
188	1	6	219
188	1	7	242
188	2	5	152
188	2	6	175.2
188	2	7	193.6
189	1	5	201
189	1	6	229
189	1	7	252
189	2	5	160.8
189	2	6	183.2
189	2	7	201.6
190	1	5	151
190	1	6	181
190	1	7	205
190	2	5	120.8
190	2	6	144.8
190	2	7	164
191	1	5	184
191	1	6	213
191	1	7	236
191	2	5	147.2
191	2	6	170.4
191	2	7	188.8
192	1	5	190
192	1	6	219
192	1	7	242
192	2	5	152
192	2	6	175.2
192	2	7	193.6
193	1	5	184
193	1	6	213
193	1	7	236
193	2	5	147.2
193	2	6	170.4
193	2	7	188.8
194	1	5	158
194	1	6	188
194	1	7	212
194	2	5	126.4
194	2	6	150.4
194	2	7	169.6
195	1	5	201
195	1	6	229
195	1	7	252
195	2	5	160.8
195	2	6	183.2
195	2	7	201.6
196	1	5	165
196	1	6	195
196	1	7	219
196	2	5	132
196	2	6	156
196	2	7	175.2
197	1	5	158
197	1	6	188
197	1	7	212
197	2	5	126.4
197	2	6	150.4
197	2	7	169.6
198	1	5	158
198	1	6	188
198	1	7	212
198	2	5	126.4
198	2	6	150.4
198	2	7	169.6
199	1	5	151
199	1	6	181
199	1	7	205
199	2	5	120.8
199	2	6	144.8
199	2	7	164
200	1	5	151
200	1	6	181
200	1	7	205
200	2	5	120.8
200	2	6	144.8
200	2	7	164
201	1	5	151
201	1	6	181
201	1	7	205
201	2	5	120.8
201	2	6	144.8
201	2	7	164
202	1	5	165
202	1	6	195
202	1	7	219
202	2	5	132
202	2	6	156
202	2	7	175.2
203	1	5	196
203	1	6	224
203	1	7	247
203	2	5	156.8
203	2	6	179.2
203	2	7	197.6
204	1	5	190
204	1	6	219
204	1	7	242
204	2	5	152
204	2	6	175.2
204	2	7	193.6
205	1	5	151
205	1	6	181
205	1	7	205
205	2	5	120.8
205	2	6	144.8
205	2	7	164
206	1	5	184
206	1	6	213
206	1	7	236
206	2	5	147.2
206	2	6	170.4
206	2	7	188.8
207	1	5	151
207	1	6	181
207	1	7	205
207	2	5	120.8
207	2	6	144.8
207	2	7	164
208	1	5	206
208	1	6	234
208	1	7	256
208	2	5	164.8
208	2	6	187.2
208	2	7	204.8
209	1	5	190
209	1	6	219
209	1	7	242
209	2	5	152
209	2	6	175.2
209	2	7	193.6
210	1	5	206
210	1	6	234
210	1	7	256
210	2	5	164.8
210	2	6	187.2
210	2	7	204.8
211	1	5	172
211	1	6	201
211	1	7	225
211	2	5	137.6
211	2	6	160.8
211	2	7	180
212	1	5	172
212	1	6	201
212	1	7	225
212	2	5	137.6
212	2	6	160.8
212	2	7	180
213	1	5	158
213	1	6	188
213	1	7	212
213	2	5	126.4
213	2	6	150.4
213	2	7	169.6
214	1	5	196
214	1	6	224
214	1	7	247
214	2	5	156.8
214	2	6	179.2
214	2	7	197.6
215	1	5	165
215	1	6	195
215	1	7	219
215	2	5	132
215	2	6	156
215	2	7	175.2
216	1	5	190
216	1	6	219
216	1	7	242
216	2	5	152
216	2	6	175.2
216	2	7	193.6
217	1	5	151
217	1	6	181
217	1	7	205
217	2	5	120.8
217	2	6	144.8
217	2	7	164
218	1	5	165
218	1	6	195
218	1	7	219
218	2	5	132
218	2	6	156
218	2	7	175.2
219	1	5	151
219	1	6	181
219	1	7	205
219	2	5	120.8
219	2	6	144.8
219	2	7	164
220	1	5	165
220	1	6	195
220	1	7	219
220	2	5	132
220	2	6	156
220	2	7	175.2
221	1	5	172
221	1	6	201
221	1	7	225
221	2	5	137.6
221	2	6	160.8
221	2	7	180
222	1	5	196
222	1	6	224
222	1	7	247
222	2	5	156.8
222	2	6	179.2
222	2	7	197.6
223	1	5	178
223	1	6	207
223	1	7	231
223	2	5	142.4
223	2	6	165.6
223	2	7	184.8
224	1	5	196
224	1	6	224
224	1	7	247
224	2	5	156.8
224	2	6	179.2
224	2	7	197.6
225	1	5	190
225	1	6	219
225	1	7	242
225	2	5	152
225	2	6	175.2
225	2	7	193.6
226	1	5	184
226	1	6	213
226	1	7	236
226	2	5	147.2
226	2	6	170.4
226	2	7	188.8
227	1	5	158
227	1	6	188
227	1	7	212
227	2	5	126.4
227	2	6	150.4
227	2	7	169.6
228	1	5	184
228	1	6	213
228	1	7	236
228	2	5	147.2
228	2	6	170.4
228	2	7	188.8
229	1	5	196
229	1	6	224
229	1	7	247
229	2	5	156.8
229	2	6	179.2
229	2	7	197.6
230	1	5	165
230	1	6	195
230	1	7	219
230	2	5	132
230	2	6	156
230	2	7	175.2
231	1	5	184
231	1	6	213
231	1	7	236
231	2	5	147.2
231	2	6	170.4
231	2	7	188.8
232	1	5	201
232	1	6	229
232	1	7	252
232	2	5	160.8
232	2	6	183.2
232	2	7	201.6
233	1	5	201
233	1	6	229
233	1	7	252
233	2	5	160.8
233	2	6	183.2
233	2	7	201.6
234	1	5	206
234	1	6	234
234	1	7	256
234	2	5	164.8
234	2	6	187.2
234	2	7	204.8
235	1	5	165
235	1	6	195
235	1	7	219
235	2	5	132
235	2	6	156
235	2	7	175.2
236	1	5	184
236	1	6	213
236	1	7	236
236	2	5	147.2
236	2	6	170.4
236	2	7	188.8
237	1	5	201
237	1	6	229
237	1	7	252
237	2	5	160.8
237	2	6	183.2
237	2	7	201.6
238	1	5	158
238	1	6	188
238	1	7	212
238	2	5	126.4
238	2	6	150.4
238	2	7	169.6
239	1	5	178
239	1	6	207
239	1	7	231
239	2	5	142.4
239	2	6	165.6
239	2	7	184.8
240	1	5	172
240	1	6	201
240	1	7	225
240	2	5	137.6
240	2	6	160.8
240	2	7	180
241	1	5	151
241	1	6	181
241	1	7	205
241	2	5	120.8
241	2	6	144.8
241	2	7	164
242	1	5	184
242	1	6	213
242	1	7	236
242	2	5	147.2
242	2	6	170.4
242	2	7	188.8
243	1	5	201
243	1	6	229
243	1	7	252
243	2	5	160.8
243	2	6	183.2
243	2	7	201.6
244	1	5	158
244	1	6	188
244	1	7	212
244	2	5	126.4
244	2	6	150.4
244	2	7	169.6
245	1	5	178
245	1	6	207
245	1	7	231
245	2	5	142.4
245	2	6	165.6
245	2	7	184.8
246	1	5	165
246	1	6	195
246	1	7	219
246	2	5	132
246	2	6	156
246	2	7	175.2
247	1	5	172
247	1	6	201
247	1	7	225
247	2	5	137.6
247	2	6	160.8
247	2	7	180
248	1	5	196
248	1	6	224
248	1	7	247
248	2	5	156.8
248	2	6	179.2
248	2	7	197.6
249	1	5	178
249	1	6	207
249	1	7	231
249	2	5	142.4
249	2	6	165.6
249	2	7	184.8
250	1	5	190
250	1	6	219
250	1	7	242
250	2	5	152
250	2	6	175.2
250	2	7	193.6
251	1	5	201
251	1	6	229
251	1	7	252
251	2	5	160.8
251	2	6	183.2
251	2	7	201.6
252	1	5	172
252	1	6	201
252	1	7	225
252	2	5	137.6
252	2	6	160.8
252	2	7	180
253	1	5	158
253	1	6	188
253	1	7	212
253	2	5	126.4
253	2	6	150.4
253	2	7	169.6
254	1	5	172
254	1	6	201
254	1	7	225
254	2	5	137.6
254	2	6	160.8
254	2	7	180
255	1	5	196
255	1	6	224
255	1	7	247
255	2	5	156.8
255	2	6	179.2
255	2	7	197.6
256	1	5	151
256	1	6	181
256	1	7	205
256	2	5	120.8
256	2	6	144.8
256	2	7	164
257	1	5	151
257	1	6	181
257	1	7	205
257	2	5	120.8
257	2	6	144.8
257	2	7	164
258	1	5	165
258	1	6	195
258	1	7	219
258	2	5	132
258	2	6	156
258	2	7	175.2
259	1	5	158
259	1	6	188
259	1	7	212
259	2	5	126.4
259	2	6	150.4
259	2	7	169.6
260	1	5	184
260	1	6	213
260	1	7	236
260	2	5	147.2
260	2	6	170.4
260	2	7	188.8
261	1	5	190
261	1	6	219
261	1	7	242
261	2	5	152
261	2	6	175.2
261	2	7	193.6
262	1	5	196
262	1	6	224
262	1	7	247
262	2	5	156.8
262	2	6	179.2
262	2	7	197.6
263	1	5	184
263	1	6	213
263	1	7	236
263	2	5	147.2
263	2	6	170.4
263	2	7	188.8
264	1	5	206
264	1	6	234
264	1	7	256
264	2	5	164.8
264	2	6	187.2
264	2	7	204.8
265	1	5	190
265	1	6	219
265	1	7	242
265	2	5	152
265	2	6	175.2
265	2	7	193.6
266	1	5	165
266	1	6	195
266	1	7	219
266	2	5	132
266	2	6	156
266	2	7	175.2
267	1	5	165
267	1	6	195
267	1	7	219
267	2	5	132
267	2	6	156
267	2	7	175.2
268	1	5	196
268	1	6	224
268	1	7	247
268	2	5	156.8
268	2	6	179.2
268	2	7	197.6
269	1	5	158
269	1	6	188
269	1	7	212
269	2	5	126.4
269	2	6	150.4
269	2	7	169.6
270	1	5	165
270	1	6	195
270	1	7	219
270	2	5	132
270	2	6	156
270	2	7	175.2
271	1	5	172
271	1	6	201
271	1	7	225
271	2	5	137.6
271	2	6	160.8
271	2	7	180
272	1	5	201
272	1	6	229
272	1	7	252
272	2	5	160.8
272	2	6	183.2
272	2	7	201.6
273	1	5	151
273	1	6	181
273	1	7	205
273	2	5	120.8
273	2	6	144.8
273	2	7	164
274	1	5	184
274	1	6	213
274	1	7	236
274	2	5	147.2
274	2	6	170.4
274	2	7	188.8
275	1	5	158
275	1	6	188
275	1	7	212
275	2	5	126.4
275	2	6	150.4
275	2	7	169.6
276	1	5	172
276	1	6	201
276	1	7	225
276	2	5	137.6
276	2	6	160.8
276	2	7	180
277	1	5	158
277	1	6	188
277	1	7	212
277	2	5	126.4
277	2	6	150.4
277	2	7	169.6
278	1	5	201
278	1	6	229
278	1	7	252
278	2	5	160.8
278	2	6	183.2
278	2	7	201.6
279	1	5	206
279	1	6	234
279	1	7	256
279	2	5	164.8
279	2	6	187.2
279	2	7	204.8
280	1	5	178
280	1	6	207
280	1	7	231
280	2	5	142.4
280	2	6	165.6
280	2	7	184.8
281	1	5	165
281	1	6	195
281	1	7	219
281	2	5	132
281	2	6	156
281	2	7	175.2
282	1	5	184
282	1	6	213
282	1	7	236
282	2	5	147.2
282	2	6	170.4
282	2	7	188.8
283	1	5	201
283	1	6	229
283	1	7	252
283	2	5	160.8
283	2	6	183.2
283	2	7	201.6
284	1	5	158
284	1	6	188
284	1	7	212
284	2	5	126.4
284	2	6	150.4
284	2	7	169.6
285	1	5	172
285	1	6	201
285	1	7	225
285	2	5	137.6
285	2	6	160.8
285	2	7	180
286	1	5	172
286	1	6	201
286	1	7	225
286	2	5	137.6
286	2	6	160.8
286	2	7	180
287	1	5	201
287	1	6	229
287	1	7	252
287	2	5	160.8
287	2	6	183.2
287	2	7	201.6
288	1	5	206
288	1	6	234
288	1	7	256
288	2	5	164.8
288	2	6	187.2
288	2	7	204.8
289	1	5	190
289	1	6	219
289	1	7	242
289	2	5	152
289	2	6	175.2
289	2	7	193.6
290	1	5	206
290	1	6	234
290	1	7	256
290	2	5	164.8
290	2	6	187.2
290	2	7	204.8
291	1	5	206
291	1	6	234
291	1	7	256
291	2	5	164.8
291	2	6	187.2
291	2	7	204.8
292	1	5	206
292	1	6	234
292	1	7	256
292	2	5	164.8
292	2	6	187.2
292	2	7	204.8
293	1	5	165
293	1	6	195
293	1	7	219
293	2	5	132
293	2	6	156
293	2	7	175.2
294	1	5	178
294	1	6	207
294	1	7	231
294	2	5	142.4
294	2	6	165.6
294	2	7	184.8
295	1	5	172
295	1	6	201
295	1	7	225
295	2	5	137.6
295	2	6	160.8
295	2	7	180
296	1	5	172
296	1	6	201
296	1	7	225
296	2	5	137.6
296	2	6	160.8
296	2	7	180
297	1	5	151
297	1	6	181
297	1	7	205
297	2	5	120.8
297	2	6	144.8
297	2	7	164
298	1	5	201
298	1	6	229
298	1	7	252
298	2	5	160.8
298	2	6	183.2
298	2	7	201.6
299	1	5	201
299	1	6	229
299	1	7	252
299	2	5	160.8
299	2	6	183.2
299	2	7	201.6
300	1	5	201
300	1	6	229
300	1	7	252
300	2	5	160.8
300	2	6	183.2
300	2	7	201.6
301	1	5	184
301	1	6	213
301	1	7	236
301	2	5	147.2
301	2	6	170.4
301	2	7	188.8
302	1	5	178
302	1	6	207
302	1	7	231
302	2	5	142.4
302	2	6	165.6
302	2	7	184.8
303	1	5	201
303	1	6	229
303	1	7	252
303	2	5	160.8
303	2	6	183.2
303	2	7	201.6
304	1	5	190
304	1	6	219
304	1	7	242
304	2	5	152
304	2	6	175.2
304	2	7	193.6
305	1	5	172
305	1	6	201
305	1	7	225
305	2	5	137.6
305	2	6	160.8
305	2	7	180
306	1	5	190
306	1	6	219
306	1	7	242
306	2	5	152
306	2	6	175.2
306	2	7	193.6
307	1	5	184
307	1	6	213
307	1	7	236
307	2	5	147.2
307	2	6	170.4
307	2	7	188.8
308	1	5	172
308	1	6	201
308	1	7	225
308	2	5	137.6
308	2	6	160.8
308	2	7	180
309	1	5	206
309	1	6	234
309	1	7	256
309	2	5	164.8
309	2	6	187.2
309	2	7	204.8
310	1	5	184
310	1	6	213
310	1	7	236
310	2	5	147.2
310	2	6	170.4
310	2	7	188.8
311	1	5	201
311	1	6	229
311	1	7	252
311	2	5	160.8
311	2	6	183.2
311	2	7	201.6
312	1	5	158
312	1	6	188
312	1	7	212
312	2	5	126.4
312	2	6	150.4
312	2	7	169.6
313	1	5	165
313	1	6	195
313	1	7	219
313	2	5	132
313	2	6	156
313	2	7	175.2
314	1	5	178
314	1	6	207
314	1	7	231
314	2	5	142.4
314	2	6	165.6
314	2	7	184.8
315	1	5	151
315	1	6	181
315	1	7	205
315	2	5	120.8
315	2	6	144.8
315	2	7	164
316	1	5	190
316	1	6	219
316	1	7	242
316	2	5	152
316	2	6	175.2
316	2	7	193.6
317	1	5	151
317	1	6	181
317	1	7	205
317	2	5	120.8
317	2	6	144.8
317	2	7	164
318	1	5	206
318	1	6	234
318	1	7	256
318	2	5	164.8
318	2	6	187.2
318	2	7	204.8
319	1	5	184
319	1	6	213
319	1	7	236
319	2	5	147.2
319	2	6	170.4
319	2	7	188.8
320	1	5	158
320	1	6	188
320	1	7	212
320	2	5	126.4
320	2	6	150.4
320	2	7	169.6
321	1	5	158
321	1	6	188
321	1	7	212
321	2	5	126.4
321	2	6	150.4
321	2	7	169.6
322	1	5	196
322	1	6	224
322	1	7	247
322	2	5	156.8
322	2	6	179.2
322	2	7	197.6
323	1	5	151
323	1	6	181
323	1	7	205
323	2	5	120.8
323	2	6	144.8
323	2	7	164
324	1	5	158
324	1	6	188
324	1	7	212
324	2	5	126.4
324	2	6	150.4
324	2	7	169.6
325	1	5	172
325	1	6	201
325	1	7	225
325	2	5	137.6
325	2	6	160.8
325	2	7	180
326	1	5	151
326	1	6	181
326	1	7	205
326	2	5	120.8
326	2	6	144.8
326	2	7	164
327	1	5	206
327	1	6	234
327	1	7	256
327	2	5	164.8
327	2	6	187.2
327	2	7	204.8
328	1	5	158
328	1	6	188
328	1	7	212
328	2	5	126.4
328	2	6	150.4
328	2	7	169.6
329	1	5	178
329	1	6	207
329	1	7	231
329	2	5	142.4
329	2	6	165.6
329	2	7	184.8
330	1	5	151
330	1	6	181
330	1	7	205
330	2	5	120.8
330	2	6	144.8
330	2	7	164
331	1	5	151
331	1	6	181
331	1	7	205
331	2	5	120.8
331	2	6	144.8
331	2	7	164
332	1	5	158
332	1	6	188
332	1	7	212
332	2	5	126.4
332	2	6	150.4
332	2	7	169.6
333	1	5	165
333	1	6	195
333	1	7	219
333	2	5	132
333	2	6	156
333	2	7	175.2
334	1	5	151
334	1	6	181
334	1	7	205
334	2	5	120.8
334	2	6	144.8
334	2	7	164
335	1	5	178
335	1	6	207
335	1	7	231
335	2	5	142.4
335	2	6	165.6
335	2	7	184.8
336	1	5	172
336	1	6	201
336	1	7	225
336	2	5	137.6
336	2	6	160.8
336	2	7	180
337	1	5	178
337	1	6	207
337	1	7	231
337	2	5	142.4
337	2	6	165.6
337	2	7	184.8
338	1	5	178
338	1	6	207
338	1	7	231
338	2	5	142.4
338	2	6	165.6
338	2	7	184.8
339	1	5	201
339	1	6	229
339	1	7	252
339	2	5	160.8
339	2	6	183.2
339	2	7	201.6
340	1	5	184
340	1	6	213
340	1	7	236
340	2	5	147.2
340	2	6	170.4
340	2	7	188.8
341	1	5	178
341	1	6	207
341	1	7	231
341	2	5	142.4
341	2	6	165.6
341	2	7	184.8
342	1	5	184
342	1	6	213
342	1	7	236
342	2	5	147.2
342	2	6	170.4
342	2	7	188.8
343	1	5	178
343	1	6	207
343	1	7	231
343	2	5	142.4
343	2	6	165.6
343	2	7	184.8
344	1	5	165
344	1	6	195
344	1	7	219
344	2	5	132
344	2	6	156
344	2	7	175.2
345	1	5	190
345	1	6	219
345	1	7	242
345	2	5	152
345	2	6	175.2
345	2	7	193.6
346	1	5	158
346	1	6	188
346	1	7	212
346	2	5	126.4
346	2	6	150.4
346	2	7	169.6
347	1	5	172
347	1	6	201
347	1	7	225
347	2	5	137.6
347	2	6	160.8
347	2	7	180
348	1	5	172
348	1	6	201
348	1	7	225
348	2	5	137.6
348	2	6	160.8
348	2	7	180
349	1	5	158
349	1	6	188
349	1	7	212
349	2	5	126.4
349	2	6	150.4
349	2	7	169.6
350	1	5	151
350	1	6	181
350	1	7	205
350	2	5	120.8
350	2	6	144.8
350	2	7	164
351	1	5	178
351	1	6	207
351	1	7	231
351	2	5	142.4
351	2	6	165.6
351	2	7	184.8
352	1	5	201
352	1	6	229
352	1	7	252
352	2	5	160.8
352	2	6	183.2
352	2	7	201.6
353	1	5	165
353	1	6	195
353	1	7	219
353	2	5	132
353	2	6	156
353	2	7	175.2
354	1	5	184
354	1	6	213
354	1	7	236
354	2	5	147.2
354	2	6	170.4
354	2	7	188.8
355	1	5	206
355	1	6	234
355	1	7	256
355	2	5	164.8
355	2	6	187.2
355	2	7	204.8
356	1	5	158
356	1	6	188
356	1	7	212
356	2	5	126.4
356	2	6	150.4
356	2	7	169.6
357	1	5	190
357	1	6	219
357	1	7	242
357	2	5	152
357	2	6	175.2
357	2	7	193.6
358	1	5	158
358	1	6	188
358	1	7	212
358	2	5	126.4
358	2	6	150.4
358	2	7	169.6
359	1	5	184
359	1	6	213
359	1	7	236
359	2	5	147.2
359	2	6	170.4
359	2	7	188.8
360	1	5	190
360	1	6	219
360	1	7	242
360	2	5	152
360	2	6	175.2
360	2	7	193.6
361	1	5	151
361	1	6	181
361	1	7	205
361	2	5	120.8
361	2	6	144.8
361	2	7	164
362	1	5	158
362	1	6	188
362	1	7	212
362	2	5	126.4
362	2	6	150.4
362	2	7	169.6
363	1	5	158
363	1	6	188
363	1	7	212
363	2	5	126.4
363	2	6	150.4
363	2	7	169.6
364	1	5	196
364	1	6	224
364	1	7	247
364	2	5	156.8
364	2	6	179.2
364	2	7	197.6
365	1	5	201
365	1	6	229
365	1	7	252
365	2	5	160.8
365	2	6	183.2
365	2	7	201.6
366	1	5	201
366	1	6	229
366	1	7	252
366	2	5	160.8
366	2	6	183.2
366	2	7	201.6
367	1	5	172
367	1	6	201
367	1	7	225
367	2	5	137.6
367	2	6	160.8
367	2	7	180
368	1	5	184
368	1	6	213
368	1	7	236
368	2	5	147.2
368	2	6	170.4
368	2	7	188.8
369	1	5	151
369	1	6	181
369	1	7	205
369	2	5	120.8
369	2	6	144.8
369	2	7	164
370	1	5	172
370	1	6	201
370	1	7	225
370	2	5	137.6
370	2	6	160.8
370	2	7	180
371	1	5	196
371	1	6	224
371	1	7	247
371	2	5	156.8
371	2	6	179.2
371	2	7	197.6
372	1	5	206
372	1	6	234
372	1	7	256
372	2	5	164.8
372	2	6	187.2
372	2	7	204.8
373	1	5	178
373	1	6	207
373	1	7	231
373	2	5	142.4
373	2	6	165.6
373	2	7	184.8
374	1	5	172
374	1	6	201
374	1	7	225
374	2	5	137.6
374	2	6	160.8
374	2	7	180
375	1	5	196
375	1	6	224
375	1	7	247
375	2	5	156.8
375	2	6	179.2
375	2	7	197.6
376	1	5	196
376	1	6	224
376	1	7	247
376	2	5	156.8
376	2	6	179.2
376	2	7	197.6
377	1	5	172
377	1	6	201
377	1	7	225
377	2	5	137.6
377	2	6	160.8
377	2	7	180
378	1	5	151
378	1	6	181
378	1	7	205
378	2	5	120.8
378	2	6	144.8
378	2	7	164
379	1	5	206
379	1	6	234
379	1	7	256
379	2	5	164.8
379	2	6	187.2
379	2	7	204.8
380	1	5	184
380	1	6	213
380	1	7	236
380	2	5	147.2
380	2	6	170.4
380	2	7	188.8
381	1	5	178
381	1	6	207
381	1	7	231
381	2	5	142.4
381	2	6	165.6
381	2	7	184.8
382	1	5	158
382	1	6	188
382	1	7	212
382	2	5	126.4
382	2	6	150.4
382	2	7	169.6
383	1	5	172
383	1	6	201
383	1	7	225
383	2	5	137.6
383	2	6	160.8
383	2	7	180
384	1	5	151
384	1	6	181
384	1	7	205
384	2	5	120.8
384	2	6	144.8
384	2	7	164
385	1	5	151
385	1	6	181
385	1	7	205
385	2	5	120.8
385	2	6	144.8
385	2	7	164
386	1	5	172
386	1	6	201
386	1	7	225
386	2	5	137.6
386	2	6	160.8
386	2	7	180
387	1	5	172
387	1	6	201
387	1	7	225
387	2	5	137.6
387	2	6	160.8
387	2	7	180
388	1	5	158
388	1	6	188
388	1	7	212
388	2	5	126.4
388	2	6	150.4
388	2	7	169.6
389	1	5	184
389	1	6	213
389	1	7	236
389	2	5	147.2
389	2	6	170.4
389	2	7	188.8
390	1	5	151
390	1	6	181
390	1	7	205
390	2	5	120.8
390	2	6	144.8
390	2	7	164
391	1	5	165
391	1	6	195
391	1	7	219
391	2	5	132
391	2	6	156
391	2	7	175.2
392	1	5	206
392	1	6	234
392	1	7	256
392	2	5	164.8
392	2	6	187.2
392	2	7	204.8
393	1	5	190
393	1	6	219
393	1	7	242
393	2	5	152
393	2	6	175.2
393	2	7	193.6
394	1	5	151
394	1	6	181
394	1	7	205
394	2	5	120.8
394	2	6	144.8
394	2	7	164
395	1	5	165
395	1	6	195
395	1	7	219
395	2	5	132
395	2	6	156
395	2	7	175.2
396	1	5	178
396	1	6	207
396	1	7	231
396	2	5	142.4
396	2	6	165.6
396	2	7	184.8
397	1	5	196
397	1	6	224
397	1	7	247
397	2	5	156.8
397	2	6	179.2
397	2	7	197.6
398	1	5	196
398	1	6	224
398	1	7	247
398	2	5	156.8
398	2	6	179.2
398	2	7	197.6
399	1	5	196
399	1	6	224
399	1	7	247
399	2	5	156.8
399	2	6	179.2
399	2	7	197.6
400	1	5	172
400	1	6	201
400	1	7	225
400	2	5	137.6
400	2	6	160.8
400	2	7	180
401	1	5	151
401	1	6	181
401	1	7	205
401	2	5	120.8
401	2	6	144.8
401	2	7	164
402	1	5	151
402	1	6	181
402	1	7	205
402	2	5	120.8
402	2	6	144.8
402	2	7	164
403	1	5	190
403	1	6	219
403	1	7	242
403	2	5	152
403	2	6	175.2
403	2	7	193.6
404	1	5	178
404	1	6	207
404	1	7	231
404	2	5	142.4
404	2	6	165.6
404	2	7	184.8
405	1	5	196
405	1	6	224
405	1	7	247
405	2	5	156.8
405	2	6	179.2
405	2	7	197.6
406	1	5	172
406	1	6	201
406	1	7	225
406	2	5	137.6
406	2	6	160.8
406	2	7	180
407	1	5	165
407	1	6	195
407	1	7	219
407	2	5	132
407	2	6	156
407	2	7	175.2
408	1	5	178
408	1	6	207
408	1	7	231
408	2	5	142.4
408	2	6	165.6
408	2	7	184.8
409	1	5	184
409	1	6	213
409	1	7	236
409	2	5	147.2
409	2	6	170.4
409	2	7	188.8
410	1	5	196
410	1	6	224
410	1	7	247
410	2	5	156.8
410	2	6	179.2
410	2	7	197.6
411	1	5	172
411	1	6	201
411	1	7	225
411	2	5	137.6
411	2	6	160.8
411	2	7	180
412	1	5	165
412	1	6	195
412	1	7	219
412	2	5	132
412	2	6	156
412	2	7	175.2
413	1	5	201
413	1	6	229
413	1	7	252
413	2	5	160.8
413	2	6	183.2
413	2	7	201.6
414	1	5	151
414	1	6	181
414	1	7	205
414	2	5	120.8
414	2	6	144.8
414	2	7	164
415	1	5	172
415	1	6	201
415	1	7	225
415	2	5	137.6
415	2	6	160.8
415	2	7	180
416	1	5	206
416	1	6	234
416	1	7	256
416	2	5	164.8
416	2	6	187.2
416	2	7	204.8
