0	183.2	0	0	0	0	201	0	0	0	0	160.8	0	0	0	0	83580.85163
0	0	201.6	0	0	0	0	0	229	0	0	0	0	160.8	0	0	102212.3052
0	201	0	0	0	0	0	183.2	0	0	0	0	201	0	0	0	17944.2469
0	229	0	0	0	0	0	183.2	0	0	0	0	0	229	0	0	80236.66655
0	247	0	0	0	0	196	0	0	0	0	156.8	0	0	0	0	121677.4763
0	247	0	0	0	0	196	0	0	0	0	0	179.2	0	0	0	164120.0429
0	247	0	0	0	0	0	224	0	0	0	0	156.8	0	0	0	174486.0537
0	247	0	0	0	0	0	224	0	0	0	0	0	179.2	0	0	219028.1239
0	0	0	0	206	0	0	0	0	164.8	0	0	0	0	206	0	-96368.78935
0	0	0	0	0	234	0	0	0	0	164.8	0	0	0	0	0	238619.0968
0	0	0	0	206	0	0	0	0	0	187.2	0	0	0	0	206	28588.94623
0	0	0	0	0	234	0	0	0	0	0	187.2	0	0	0	0	348676.252
0	0	172	0	0	0	0	137.6	0	0	0	0	172	0	0	0	-57670.91733
0	0	172	0	0	0	0	0	160.8	0	0	0	0	172	0	0	56220.01278
0	0	0	201	0	0	0	0	137.6	0	0	0	0	0	201	0	142914.8892
0	0	0	201	0	0	0	0	0	160.8	0	0	0	0	0	201	243141.9862
0	0	0	172	0	0	0	0	137.6	0	0	0	0	172	0	0	-86806.2842
0	0	0	172	0	0	0	0	0	160.8	0	0	0	0	172	0	56075.26317
0	0	0	0	201	0	0	0	0	137.6	0	0	0	0	0	201	165456.6493
0	0	0	0	201	0	0	0	0	0	160.8	0	0	0	0	0	291201.627
0	0	0	0	190	0	0	0	0	152	0	0	0	0	190	0	-50715.48192
0	0	0	0	0	219	0	0	0	0	152	0	0	0	0	0	79765.91916
0	0	0	0	190	0	0	0	0	0	175.2	0	0	0	0	190	-2011.400457
0	0	0	0	0	219	0	0	0	0	0	175.2	0	0	0	0	122663.9575
0	179.2	0	0	0	0	196	0	0	0	0	156.8	0	0	0	0	500098.246
0	0	197.6	0	0	0	0	0	224	0	0	0	0	156.8	0	0	620254.4428
0	196	0	0	0	0	0	179.2	0	0	0	0	196	0	0	0	89398.35402
0	224	0	0	0	0	0	179.2	0	0	0	0	0	224	0	0	480738.8084
0	201	0	0	0	0	160.8	0	0	0	0	201	0	0	0	0	-30394.91381
0	0	229	0	0	0	0	160.8	0	0	0	0	0	229	0	0	255268.6273
0	201	0	0	0	0	0	183.2	0	0	0	0	201	0	0	0	76374.07703
0	0	229	0	0	0	0	0	183.2	0	0	0	0	0	229	0	349302.0222
0	0	201	0	0	0	0	160.8	0	0	0	0	201	0	0	0	-70720.01147
0	0	201	0	0	0	0	0	183.2	0	0	0	0	201	0	0	226844.6451
0	0	0	229	0	0	0	0	160.8	0	0	0	0	0	229	0	456416.3604
0	0	0	229	0	0	0	0	0	183.2	0	0	0	0	0	229	718218.5482
0	172	0	0	0	0	137.6	0	0	0	0	172	0	0	0	0	-62533.3798
0	172	0	0	0	0	0	160.8	0	0	0	0	172	0	0	0	76816.87659
0	0	201	0	0	0	0	137.6	0	0	0	0	0	201	0	0	183494.922
0	0	201	0	0	0	0	0	160.8	0	0	0	0	0	201	0	306132.1358
0	188	0	0	0	0	158	0	0	0	0	126.4	0	0	0	0	397346.2902
0	0	212	0	0	0	0	158	0	0	0	0	0	150.4	0	0	534455.5893
0	188	0	0	0	0	126.4	0	0	0	0	0	188	0	0	0	304354.6759
0	188	0	0	0	0	0	150.4	0	0	0	0	0	188	0	0	531763.6817
0	0	196	0	0	0	0	156.8	0	0	0	0	196	0	0	0	-18557.78703
0	0	0	224	0	0	0	0	156.8	0	0	0	0	0	224	0	155278.9529
0	0	196	0	0	0	0	0	179.2	0	0	0	0	196	0	0	46312.20469
0	0	0	224	0	0	0	0	0	179.2	0	0	0	0	0	224	212414.8531
0	0	0	0	184	0	0	0	0	147.2	0	0	0	0	184	0	-191780.0136
0	0	0	0	0	213	0	0	0	0	147.2	0	0	0	0	0	219708.7898
0	0	0	0	184	0	0	0	0	0	170.4	0	0	0	0	184	-37876.18705
0	0	0	0	0	213	0	0	0	0	0	170.4	0	0	0	0	355260.5816
0	0	0	0	165	0	0	0	0	132	0	0	0	0	165	0	-51764.81593
0	0	0	0	0	195	0	0	0	0	132	0	0	0	0	0	33228.40988
0	0	0	0	165	0	0	0	0	0	156	0	0	0	0	165	-19947.81256
0	0	0	0	0	195	0	0	0	0	0	156	0	0	0	0	61252.99132
0	0	0	151	0	0	0	0	120.8	0	0	0	0	151	0	0	-154533.9889
0	0	0	0	181	0	0	0	0	120.8	0	0	0	0	0	181	136090.6698
0	0	0	151	0	0	0	0	0	144.8	0	0	0	0	151	0	-45659.26427
0	0	0	0	181	0	0	0	0	0	144.8	0	0	0	0	0	231992.5071
0	175.2	0	0	0	0	165	0	0	0	0	132	0	0	0	0	493416.4057
0	175.2	0	0	0	0	0	195	0	0	0	0	132	0	0	0	710749.2992
0	175.2	0	0	0	0	165	0	0	0	0	0	156	0	0	0	640321.8088
0	175.2	0	0	0	0	0	195	0	0	0	0	0	156	0	0	873751.1778
0	184	0	0	0	0	147.2	0	0	0	0	184	0	0	0	0	-63943.69822
0	184	0	0	0	0	0	170.4	0	0	0	0	184	0	0	0	108550.6087
0	0	213	0	0	0	0	147.2	0	0	0	0	0	213	0	0	240662.6666
0	0	213	0	0	0	0	0	170.4	0	0	0	0	0	213	0	392445.7813
0	165	0	0	0	0	132	0	0	0	0	165	0	0	0	0	-91815.52415
0	165	0	0	0	0	0	156	0	0	0	0	165	0	0	0	85794.3813
0	0	195	0	0	0	0	132	0	0	0	0	0	195	0	0	221309.8187
0	0	195	0	0	0	0	0	156	0	0	0	0	0	195	0	377627.1144
0	0	206	0	0	0	0	164.8	0	0	0	0	206	0	0	0	-25097.20812
0	0	0	234	0	0	0	0	164.8	0	0	0	0	0	234	0	471232.6671
0	0	206	0	0	0	0	0	187.2	0	0	0	0	206	0	0	160044.5832
0	0	0	234	0	0	0	0	0	187.2	0	0	0	0	0	234	634297.2327
0	201	0	0	0	0	172	0	0	0	0	137.6	0	0	0	0	139510.8863
0	0	225	0	0	0	0	172	0	0	0	0	0	160.8	0	0	182803.8582
0	201	0	0	0	0	137.6	0	0	0	0	0	201	0	0	0	108892.4177
0	201	0	0	0	0	0	160.8	0	0	0	0	0	201	0	0	183479.9199
0	0	165	0	0	0	0	132	0	0	0	0	165	0	0	0	-90074.8222
0	0	0	195	0	0	0	0	132	0	0	0	0	0	195	0	210223.8934
0	0	165	0	0	0	0	0	156	0	0	0	0	165	0	0	22147.60428
0	0	0	195	0	0	0	0	0	156	0	0	0	0	0	195	309075.1607
0	0	0	0	158	0	0	0	0	126.4	0	0	0	0	158	0	-265249.5549
0	0	0	0	0	188	0	0	0	0	126.4	0	0	0	0	0	130460.185
0	0	0	0	158	0	0	0	0	0	150.4	0	0	0	0	158	-117063.7499
0	0	0	0	0	188	0	0	0	0	0	150.4	0	0	0	0	260985.9231
0	0	206	0	0	0	0	164.8	0	0	0	0	206	0	0	0	-4929.324553
0	0	0	234	0	0	0	0	164.8	0	0	0	0	0	234	0	51734.71211
0	0	206	0	0	0	0	0	187.2	0	0	0	0	206	0	0	16245.41802
0	0	0	234	0	0	0	0	0	187.2	0	0	0	0	0	234	70383.47901
0	0	0	0	158	0	0	0	0	126.4	0	0	0	0	158	0	-71838.42113
0	0	0	0	0	188	0	0	0	0	126.4	0	0	0	0	0	35332.96678
0	0	0	0	158	0	0	0	0	0	150.4	0	0	0	0	158	-31704.76559
0	0	0	0	0	188	0	0	0	0	0	150.4	0	0	0	0	70683.6875
0	0	184	0	0	0	0	147.2	0	0	0	0	184	0	0	0	-61729.45952
0	0	0	213	0	0	0	0	147.2	0	0	0	0	0	213	0	231407.8487
0	0	184	0	0	0	0	0	170.4	0	0	0	0	184	0	0	47908.89043
0	0	0	213	0	0	0	0	0	170.4	0	0	0	0	0	213	327972.5353
0	0	0	0	178	0	0	0	0	142.4	0	0	0	0	178	0	-177894.3291
0	0	0	0	0	207	0	0	0	0	142.4	0	0	0	0	0	170192.6575
0	0	0	0	178	0	0	0	0	0	165.6	0	0	0	0	178	-47669.88115
0	0	0	0	0	207	0	0	0	0	0	165.6	0	0	0	0	284890.5581
0	181	0	0	0	0	151	0	0	0	0	120.8	0	0	0	0	41346.03131
0	0	205	0	0	0	0	151	0	0	0	0	0	144.8	0	0	57716.52014
0	181	0	0	0	0	120.8	0	0	0	0	0	181	0	0	0	31381.37475
0	181	0	0	0	0	0	144.8	0	0	0	0	0	181	0	0	57794.78851
0	172	0	0	0	0	137.6	0	0	0	0	172	0	0	0	0	-29907.2686
0	172	0	0	0	0	0	160.8	0	0	0	0	172	0	0	0	36738.5062
0	0	201	0	0	0	0	137.6	0	0	0	0	0	201	0	0	87758.44098
0	0	201	0	0	0	0	0	160.8	0	0	0	0	0	201	0	146411.0215
0	0	0	201	0	0	0	0	160.8	0	0	0	0	201	0	0	-47331.54543
0	0	0	201	0	0	0	0	0	183.2	0	0	0	0	201	0	99735.58342
0	0	0	0	229	0	0	0	0	160.8	0	0	0	0	0	229	213859.5222
0	0	0	0	229	0	0	0	0	0	183.2	0	0	0	0	0	343257.023
0	242	0	0	0	0	190	0	0	0	0	152	0	0	0	0	159132.7997
0	242	0	0	0	0	190	0	0	0	0	0	175.2	0	0	0	215088.6406
0	242	0	0	0	0	0	219	0	0	0	0	152	0	0	0	228294.1341
0	242	0	0	0	0	0	219	0	0	0	0	0	175.2	0	0	287323.0023
0	0	0	151	0	0	0	0	120.8	0	0	0	0	151	0	0	-199905.8255
0	0	0	151	0	0	0	0	0	144.8	0	0	0	0	151	0	33950.67567
0	0	0	0	181	0	0	0	0	120.8	0	0	0	0	0	181	210867.7474
0	0	0	0	181	0	0	0	0	0	144.8	0	0	0	0	0	416719.1364
0	0	0	165	0	0	0	0	132	0	0	0	0	165	0	0	-66756.11294
0	0	0	165	0	0	0	0	0	156	0	0	0	0	165	0	31493.75469
0	0	0	0	195	0	0	0	0	132	0	0	0	0	0	195	106457.8945
0	0	0	0	195	0	0	0	0	0	156	0	0	0	0	0	192929.1618
0	0	206	0	0	0	0	164.8	0	0	0	0	206	0	0	0	-7985.475311
0	0	0	234	0	0	0	0	164.8	0	0	0	0	0	234	0	149937.6668
0	0	206	0	0	0	0	0	187.2	0	0	0	0	206	0	0	50923.27647
0	0	0	234	0	0	0	0	0	187.2	0	0	0	0	0	234	201821.8468
0	0	0	0	190	0	0	0	0	152	0	0	0	0	190	0	-87167.58835
0	0	0	0	0	219	0	0	0	0	152	0	0	0	0	0	118820.2578
0	0	0	0	190	0	0	0	0	0	175.2	0	0	0	0	190	-10143.79181
0	0	0	0	0	219	0	0	0	0	0	175.2	0	0	0	0	186658.4077
0	170.4	0	0	0	0	184	0	0	0	0	147.2	0	0	0	0	338286.9113
0	0	188.8	0	0	0	0	0	213	0	0	0	0	147.2	0	0	428418.5653
0	184	0	0	0	0	0	170.4	0	0	0	0	184	0	0	0	46202.21825
0	213	0	0	0	0	0	170.4	0	0	0	0	0	213	0	0	326537.7526
0	0	0	0	165	0	0	0	0	132	0	0	0	0	165	0	-41016.39465
0	0	0	0	165	0	0	0	0	0	156	0	0	0	0	165	-2136.064427
0	0	0	0	0	195	0	0	0	0	132	0	0	0	0	0	27362.85927
0	0	0	0	0	195	0	0	0	0	0	156	0	0	0	0	59932.80799
0	201	0	0	0	0	160.8	0	0	0	0	201	0	0	0	0	-18290.73045
0	0	229	0	0	0	0	160.8	0	0	0	0	0	229	0	0	242356.163
0	201	0	0	0	0	0	183.2	0	0	0	0	201	0	0	0	78954.68638
0	0	229	0	0	0	0	0	183.2	0	0	0	0	0	229	0	328006.5309
0	0	165	0	0	0	0	132	0	0	0	0	165	0	0	0	-133326.5719
0	0	0	195	0	0	0	0	132	0	0	0	0	0	195	0	265639.2794
0	0	165	0	0	0	0	0	156	0	0	0	0	165	0	0	16025.30546
0	0	0	195	0	0	0	0	0	156	0	0	0	0	0	195	397189.1869
0	0	0	0	172	0	0	0	0	137.6	0	0	0	0	172	0	-126386.2087
0	0	0	0	0	201	0	0	0	0	137.6	0	0	0	0	0	99980.687
0	0	0	0	172	0	0	0	0	0	160.8	0	0	0	0	172	-41675.82236
0	0	0	0	0	201	0	0	0	0	0	160.8	0	0	0	0	174592.4081
0	184	0	0	0	0	147.2	0	0	0	0	184	0	0	0	0	-113677.6857
0	184	0	0	0	0	0	170.4	0	0	0	0	184	0	0	0	192978.8599
0	0	213	0	0	0	0	147.2	0	0	0	0	0	213	0	0	427844.7407
0	0	213	0	0	0	0	0	170.4	0	0	0	0	0	213	0	697681.3891
0	0	151	0	0	0	0	120.8	0	0	0	0	151	0	0	0	-182814.0147
0	0	0	181	0	0	0	0	120.8	0	0	0	0	0	181	0	263353.323
0	0	151	0	0	0	0	0	144.8	0	0	0	0	151	0	0	-15952.97352
0	0	0	181	0	0	0	0	0	144.8	0	0	0	0	0	181	410339.7908
0	0	0	0	158	0	0	0	0	126.4	0	0	0	0	158	0	-154728.9071
0	0	0	0	0	188	0	0	0	0	126.4	0	0	0	0	0	76101.7746
0	0	0	0	158	0	0	0	0	0	150.4	0	0	0	0	158	-68287.18742
0	0	0	0	0	188	0	0	0	0	0	150.4	0	0	0	0	152241.7885
0	165.6	0	0	0	0	178	0	0	0	0	142.4	0	0	0	0	212986.1966
0	0	184.8	0	0	0	0	0	207	0	0	0	0	142.4	0	0	272442.7834
0	178	0	0	0	0	0	165.6	0	0	0	0	178	0	0	0	23341.22963
0	207	0	0	0	0	0	165.6	0	0	0	0	0	207	0	0	205322.2519
0	0	184	0	0	0	0	147.2	0	0	0	0	184	0	0	0	-23014.70579
0	0	184	0	0	0	0	0	170.4	0	0	0	0	184	0	0	36692.56556
0	0	0	213	0	0	0	0	147.2	0	0	0	0	0	213	0	82421.90371
0	0	0	213	0	0	0	0	0	170.4	0	0	0	0	0	213	134960.192
0	0	0	0	190	0	0	0	0	152	0	0	0	0	190	0	-84700.30611
0	0	0	0	190	0	0	0	0	0	175.2	0	0	0	0	190	32010.37283
0	0	0	0	0	219	0	0	0	0	152	0	0	0	0	0	122170.7658
0	0	0	0	0	219	0	0	0	0	0	175.2	0	0	0	0	224867.2601
0	0	0	0	196	0	0	0	0	156.8	0	0	0	0	196	0	-127271.219
0	0	0	0	0	224	0	0	0	0	156.8	0	0	0	0	0	233338.6659
0	0	0	0	196	0	0	0	0	0	179.2	0	0	0	0	196	7296.193316
0	0	0	0	0	224	0	0	0	0	0	179.2	0	0	0	0	351862.3475
0	201	0	0	0	0	160.8	0	0	0	0	201	0	0	0	0	-37893.00929
0	201	0	0	0	0	0	183.2	0	0	0	0	201	0	0	0	131465.5984
0	0	229	0	0	0	0	160.8	0	0	0	0	0	229	0	0	262126.096
0	0	229	0	0	0	0	0	183.2	0	0	0	0	0	229	0	411130.5326
0	0	0	201	0	0	0	0	160.8	0	0	0	0	201	0	0	-34462.54543
0	0	0	0	229	0	0	0	0	160.8	0	0	0	0	0	229	193196.5457
0	0	0	201	0	0	0	0	0	183.2	0	0	0	0	201	0	50475.36778
0	0	0	0	229	0	0	0	0	0	183.2	0	0	0	0	0	268006.8941
0	0	0	0	184	0	0	0	0	147.2	0	0	0	0	184	0	-80973.78351
0	0	0	0	0	213	0	0	0	0	147.2	0	0	0	0	0	92765.93349
0	0	0	0	184	0	0	0	0	0	170.4	0	0	0	0	184	-15992.16786
0	0	0	0	0	213	0	0	0	0	0	170.4	0	0	0	0	149998.9122
0	0	0	165	0	0	0	0	132	0	0	0	0	165	0	0	-170868.5372
0	0	0	0	195	0	0	0	0	132	0	0	0	0	0	195	238373.8451
0	0	0	165	0	0	0	0	0	156	0	0	0	0	165	0	-17669.66599
0	0	0	0	195	0	0	0	0	0	156	0	0	0	0	0	373312.2047
0	206	0	0	0	0	164.8	0	0	0	0	206	0	0	0	0	-50248.47223
0	206	0	0	0	0	0	187.2	0	0	0	0	206	0	0	0	225650.5213
0	0	234	0	0	0	0	164.8	0	0	0	0	0	234	0	0	438955.0389
0	0	234	0	0	0	0	0	187.2	0	0	0	0	0	234	0	681686.2568
0	0	172	0	0	0	0	137.6	0	0	0	0	172	0	0	0	-78547.81748
0	0	0	201	0	0	0	0	137.6	0	0	0	0	0	201	0	229059.3492
0	0	172	0	0	0	0	0	160.8	0	0	0	0	172	0	0	36364.28148
0	0	0	201	0	0	0	0	0	160.8	0	0	0	0	0	201	330277.6332
0	165	0	0	0	0	132	0	0	0	0	165	0	0	0	0	-113038.212
0	165	0	0	0	0	0	156	0	0	0	0	165	0	0	0	89389.61264
0	0	195	0	0	0	0	132	0	0	0	0	0	195	0	0	242973.7751
0	0	195	0	0	0	0	0	156	0	0	0	0	0	195	0	421126.1259
0	0	0	201	0	0	0	0	160.8	0	0	0	0	201	0	0	-45438.28361
0	0	0	201	0	0	0	0	0	183.2	0	0	0	0	201	0	95746.16008
0	0	0	0	229	0	0	0	0	160.8	0	0	0	0	0	229	205305.1413
0	0	0	0	229	0	0	0	0	0	183.2	0	0	0	0	0	329526.742
0	0	0	0	190	0	0	0	0	152	0	0	0	0	190	0	-88550.32003
0	0	0	0	190	0	0	0	0	0	175.2	0	0	0	0	190	33465.38978
0	0	0	0	0	219	0	0	0	0	152	0	0	0	0	0	127723.9824
0	0	0	0	0	219	0	0	0	0	0	175.2	0	0	0	0	235088.4992
0	172	0	0	0	0	137.6	0	0	0	0	172	0	0	0	0	-57095.6946
0	172	0	0	0	0	0	160.8	0	0	0	0	172	0	0	0	70137.14819
0	0	201	0	0	0	0	137.6	0	0	0	0	0	201	0	0	167538.8419
0	0	201	0	0	0	0	0	160.8	0	0	0	0	0	201	0	279511.9501
0	0	151	0	0	0	0	120.8	0	0	0	0	151	0	0	0	-134312.3373
0	0	0	181	0	0	0	0	120.8	0	0	0	0	0	181	0	193484.074
0	0	151	0	0	0	0	0	144.8	0	0	0	0	151	0	0	-11720.55198
0	0	0	181	0	0	0	0	0	144.8	0	0	0	0	0	181	301474.132
0	0	0	0	196	0	0	0	0	156.8	0	0	0	0	196	0	-36966.25368
0	0	0	0	0	224	0	0	0	0	156.8	0	0	0	0	0	58370.7365
0	0	0	0	196	0	0	0	0	0	179.2	0	0	0	0	196	-1326.517009
0	0	0	0	0	224	0	0	0	0	0	179.2	0	0	0	0	89759.6765
0	151	0	0	0	0	120.8	0	0	0	0	151	0	0	0	0	-127249.1839
0	0	181	0	0	0	0	120.8	0	0	0	0	0	181	0	0	166341.5558
0	151	0	0	0	0	0	144.8	0	0	0	0	151	0	0	0	-17263.2967
0	0	181	0	0	0	0	0	144.8	0	0	0	0	0	181	0	263222.156
0	0	0	165	0	0	0	0	132	0	0	0	0	165	0	0	-74883.72169
0	0	0	165	0	0	0	0	0	156	0	0	0	0	165	0	29121.16166
0	0	0	0	195	0	0	0	0	132	0	0	0	0	0	195	108030.7825
0	0	0	0	195	0	0	0	0	0	156	0	0	0	0	0	199563.2312
0	0	0	0	190	0	0	0	0	152	0	0	0	0	190	0	-30800.11131
0	0	0	0	190	0	0	0	0	0	175.2	0	0	0	0	190	11640.13558
0	0	0	0	0	219	0	0	0	0	152	0	0	0	0	0	44425.73301
0	0	0	0	0	219	0	0	0	0	0	175.2	0	0	0	0	81769.91278
0	183.2	0	0	0	0	201	0	0	0	0	160.8	0	0	0	0	501485.1098
0	0	201.6	0	0	0	0	0	229	0	0	0	0	160.8	0	0	613273.831
0	201	0	0	0	0	0	183.2	0	0	0	0	201	0	0	0	107665.4814
0	229	0	0	0	0	0	183.2	0	0	0	0	0	229	0	0	481419.9993
0	0	0	151	0	0	0	0	120.8	0	0	0	0	151	0	0	-56925.01897
0	0	0	151	0	0	0	0	0	144.8	0	0	0	0	151	0	6763.445354
0	0	0	0	181	0	0	0	0	120.8	0	0	0	0	0	181	54678.48562
0	0	0	0	181	0	0	0	0	0	144.8	0	0	0	0	0	110737.6409
0	206	0	0	0	0	164.8	0	0	0	0	206	0	0	0	0	-11270.98584
0	206	0	0	0	0	0	187.2	0	0	0	0	206	0	0	0	71017.32936
0	0	234	0	0	0	0	164.8	0	0	0	0	0	234	0	0	135008.6846
0	0	234	0	0	0	0	0	187.2	0	0	0	0	0	234	0	207407.5916
0	0	0	0	190	0	0	0	0	152	0	0	0	0	190	0	-88550.32003
0	0	0	0	190	0	0	0	0	0	175.2	0	0	0	0	190	33465.38978
0	0	0	0	0	219	0	0	0	0	152	0	0	0	0	0	127723.9824
0	0	0	0	0	219	0	0	0	0	0	175.2	0	0	0	0	235088.4992
0	0	0	172	0	0	0	0	137.6	0	0	0	0	172	0	0	-90653.64939
0	0	0	0	201	0	0	0	0	137.6	0	0	0	0	0	201	178282.3721
0	0	0	172	0	0	0	0	0	160.8	0	0	0	0	172	0	9812.15916
0	0	0	0	201	0	0	0	0	0	160.8	0	0	0	0	0	266775.8975
0	0	0	190	0	0	0	0	152	0	0	0	0	190	0	0	-57448.42996
0	0	0	0	219	0	0	0	0	152	0	0	0	0	0	219	172977.0652
0	0	0	190	0	0	0	0	0	175.2	0	0	0	0	190	0	28713.18971
0	0	0	0	219	0	0	0	0	0	175.2	0	0	0	0	0	248863.2865
0	229	0	0	0	0	201	0	0	0	0	160.8	0	0	0	0	212211.6068
0	0	252	0	0	0	0	201	0	0	0	0	0	183.2	0	0	263636.8989
0	229	0	0	0	0	160.8	0	0	0	0	0	229	0	0	0	169699.2796
0	229	0	0	0	0	0	183.2	0	0	0	0	0	229	0	0	265360.1279
0	190	0	0	0	0	152	0	0	0	0	190	0	0	0	0	-28149.59889
0	0	219	0	0	0	0	152	0	0	0	0	0	219	0	0	188783.3449
0	190	0	0	0	0	0	175.2	0	0	0	0	190	0	0	0	52823.77878
0	0	219	0	0	0	0	0	175.2	0	0	0	0	0	219	0	260103.8371
0	225	0	0	0	0	172	0	0	0	0	137.6	0	0	0	0	96285.58182
0	225	0	0	0	0	172	0	0	0	0	0	160.8	0	0	0	136264.069
0	225	0	0	0	0	0	201	0	0	0	0	137.6	0	0	0	145500.9442
0	225	0	0	0	0	0	201	0	0	0	0	0	160.8	0	0	187914.2836
0	165	0	0	0	0	132	0	0	0	0	165	0	0	0	0	-60294.91572
0	0	195	0	0	0	0	132	0	0	0	0	0	195	0	0	147008.0686
0	165	0	0	0	0	0	156	0	0	0	0	165	0	0	0	17174.75934
0	0	195	0	0	0	0	0	156	0	0	0	0	0	195	0	215247.3305
0	234	0	0	0	0	206	0	0	0	0	164.8	0	0	0	0	574990.1176
0	0	256	0	0	0	0	206	0	0	0	0	0	187.2	0	0	709738.3779
0	234	0	0	0	0	164.8	0	0	0	0	0	234	0	0	0	461617.092
0	234	0	0	0	0	0	187.2	0	0	0	0	0	234	0	0	714846.435
0	204.8	0	0	0	0	206	0	0	0	0	164.8	0	0	0	0	792107.0751
0	204.8	0	0	0	0	0	234	0	0	0	0	164.8	0	0	0	1044747.404
0	204.8	0	0	0	0	206	0	0	0	0	0	187.2	0	0	0	963552.5289
0	204.8	0	0	0	0	0	234	0	0	0	0	0	187.2	0	0	1230644.053
0	0	0	0	178	0	0	0	0	142.4	0	0	0	0	178	0	-124215.4324
0	0	0	0	178	0	0	0	0	0	165.6	0	0	0	0	178	13334.74152
0	0	0	0	0	207	0	0	0	0	142.4	0	0	0	0	0	118368.935
0	0	0	0	0	207	0	0	0	0	0	165.6	0	0	0	0	233506.5348
0	0	0	0	172	0	0	0	0	137.6	0	0	0	0	172	0	-120445.7111
0	0	0	0	172	0	0	0	0	0	160.8	0	0	0	0	172	8142.735864
0	0	0	0	0	201	0	0	0	0	137.6	0	0	0	0	0	106582.1973
0	0	0	0	0	201	0	0	0	0	0	160.8	0	0	0	0	219748.3246
0	0	0	165	0	0	0	0	132	0	0	0	0	165	0	0	-77296.55183
0	0	0	165	0	0	0	0	0	156	0	0	0	0	165	0	36466.4528
0	0	0	0	195	0	0	0	0	132	0	0	0	0	0	195	123267.0358
0	0	0	0	195	0	0	0	0	0	156	0	0	0	0	0	223391.6611
0	0	151	0	0	0	0	120.8	0	0	0	0	151	0	0	0	-167680.4662
0	0	151	0	0	0	0	0	144.8	0	0	0	0	151	0	0	72119.88768
0	0	0	181	0	0	0	0	120.8	0	0	0	0	0	181	0	253533.6017
0	0	0	181	0	0	0	0	0	144.8	0	0	0	0	0	181	464617.0468
0	195	0	0	0	0	165	0	0	0	0	132	0	0	0	0	432943.5148
0	0	219	0	0	0	0	165	0	0	0	0	0	156	0	0	571477.8556
0	195	0	0	0	0	132	0	0	0	0	0	195	0	0	0	335482.2213
0	195	0	0	0	0	0	156	0	0	0	0	0	195	0	0	569645.5302
0	0	0	184	0	0	0	0	147.2	0	0	0	0	184	0	0	-39438.39027
0	0	0	0	213	0	0	0	0	147.2	0	0	0	0	0	213	116394.5168
0	0	0	184	0	0	0	0	0	170.4	0	0	0	0	184	0	18743.50287
0	0	0	0	213	0	0	0	0	0	170.4	0	0	0	0	0	167641.3032
0	242	0	0	0	0	190	0	0	0	0	152	0	0	0	0	115605.0621
0	242	0	0	0	0	190	0	0	0	0	0	175.2	0	0	0	157816.9126
0	242	0	0	0	0	0	219	0	0	0	0	152	0	0	0	167721.0327
0	242	0	0	0	0	0	219	0	0	0	0	0	175.2	0	0	212221.6275
0	0	165	0	0	0	0	132	0	0	0	0	165	0	0	0	-98791.74048
0	0	0	195	0	0	0	0	132	0	0	0	0	0	195	0	230568.1412
0	0	165	0	0	0	0	0	156	0	0	0	0	165	0	0	24290.92083
0	0	0	195	0	0	0	0	0	156	0	0	0	0	0	195	338985.6601
0	184	0	0	0	0	147.2	0	0	0	0	184	0	0	0	0	-118414.256
0	184	0	0	0	0	0	170.4	0	0	0	0	184	0	0	0	201019.6457
0	0	213	0	0	0	0	147.2	0	0	0	0	0	213	0	0	445671.6048
0	0	213	0	0	0	0	0	170.4	0	0	0	0	0	213	0	726751.4469
0	0	201	0	0	0	0	160.8	0	0	0	0	201	0	0	0	-53450.48035
0	0	201	0	0	0	0	0	183.2	0	0	0	0	201	0	0	223506.3367
0	0	0	229	0	0	0	0	160.8	0	0	0	0	0	229	0	438424.5383
0	0	0	229	0	0	0	0	0	183.2	0	0	0	0	0	229	682105.9116
0	0	0	0	201	0	0	0	0	160.8	0	0	0	0	201	0	-81533.12562
0	0	0	0	201	0	0	0	0	0	183.2	0	0	0	0	201	50414.9526
0	0	0	0	0	229	0	0	0	0	160.8	0	0	0	0	0	152806.5239
0	0	0	0	0	229	0	0	0	0	0	183.2	0	0	0	0	268901.4778
0	0	0	190	0	0	0	0	152	0	0	0	0	190	0	0	-23477.90646
0	0	0	0	219	0	0	0	0	152	0	0	0	0	0	219	86219.67145
0	0	0	190	0	0	0	0	0	175.2	0	0	0	0	190	0	17468.3106
0	0	0	0	219	0	0	0	0	0	175.2	0	0	0	0	0	122284.6651
0	195	0	0	0	0	165	0	0	0	0	132	0	0	0	0	308069.1579
0	0	219	0	0	0	0	165	0	0	0	0	0	156	0	0	411774.174
0	195	0	0	0	0	132	0	0	0	0	0	195	0	0	0	239965.2968
0	195	0	0	0	0	0	156	0	0	0	0	0	195	0	0	413768.6344
0	175.2	0	0	0	0	165	0	0	0	0	132	0	0	0	0	236905.2857
0	175.2	0	0	0	0	0	195	0	0	0	0	132	0	0	0	337505.633
0	175.2	0	0	0	0	165	0	0	0	0	0	156	0	0	0	304748.6607
0	175.2	0	0	0	0	0	195	0	0	0	0	0	156	0	0	412867.4514
0	151	0	0	0	0	120.8	0	0	0	0	151	0	0	0	0	-195115.4154
0	0	181	0	0	0	0	120.8	0	0	0	0	0	181	0	0	255057.0523
0	151	0	0	0	0	0	144.8	0	0	0	0	151	0	0	0	-26470.38828
0	0	181	0	0	0	0	0	144.8	0	0	0	0	0	181	0	403607.3059
0	0	151	0	0	0	0	120.8	0	0	0	0	151	0	0	0	-125620.34
0	0	0	181	0	0	0	0	120.8	0	0	0	0	0	181	0	157909.6579
0	0	151	0	0	0	0	0	144.8	0	0	0	0	151	0	0	-19403.43956
0	0	0	181	0	0	0	0	0	144.8	0	0	0	0	0	181	251470.3621
0	196	0	0	0	0	156.8	0	0	0	0	196	0	0	0	0	-42452.70561
0	0	224	0	0	0	0	156.8	0	0	0	0	0	224	0	0	272885.458
0	196	0	0	0	0	0	179.2	0	0	0	0	196	0	0	0	75429.86121
0	0	224	0	0	0	0	0	179.2	0	0	0	0	0	224	0	376708.0213
0	0	0	151	0	0	0	0	120.8	0	0	0	0	151	0	0	-39409.62852
0	0	0	151	0	0	0	0	0	144.8	0	0	0	0	151	0	4682.385245
0	0	0	0	181	0	0	0	0	120.8	0	0	0	0	0	181	37854.3362
0	0	0	0	181	0	0	0	0	0	144.8	0	0	0	0	0	76664.52063
0	224	0	0	0	0	196	0	0	0	0	156.8	0	0	0	0	167725.2406
0	0	247	0	0	0	0	196	0	0	0	0	0	179.2	0	0	207913.9116
0	224	0	0	0	0	156.8	0	0	0	0	0	224	0	0	0	132885.6328
0	224	0	0	0	0	0	179.2	0	0	0	0	0	224	0	0	207595.6048
0	0	201	0	0	0	0	160.8	0	0	0	0	201	0	0	0	-16437.40144
0	0	0	229	0	0	0	0	160.8	0	0	0	0	0	229	0	193940.295
0	0	201	0	0	0	0	0	183.2	0	0	0	0	201	0	0	62052.952
0	0	0	229	0	0	0	0	0	183.2	0	0	0	0	0	229	263071.8579
0	0	165	0	0	0	0	132	0	0	0	0	165	0	0	0	-121420.3592
0	0	165	0	0	0	0	0	156	0	0	0	0	165	0	0	90021.56865
0	0	0	195	0	0	0	0	132	0	0	0	0	0	195	0	250444.8279
0	0	0	195	0	0	0	0	0	156	0	0	0	0	0	195	436530.2961
0	196	0	0	0	0	156.8	0	0	0	0	196	0	0	0	0	-44723.78069
0	0	224	0	0	0	0	156.8	0	0	0	0	0	224	0	0	408664.1665
0	196	0	0	0	0	0	179.2	0	0	0	0	196	0	0	0	124465.2665
0	0	224	0	0	0	0	0	179.2	0	0	0	0	0	224	0	557681.7364
0	0	201	0	0	0	0	160.8	0	0	0	0	201	0	0	0	-63196.60599
0	0	201	0	0	0	0	0	183.2	0	0	0	0	201	0	0	202712.236
0	0	0	229	0	0	0	0	160.8	0	0	0	0	0	229	0	407861.4284
0	0	0	229	0	0	0	0	0	183.2	0	0	0	0	0	229	641812.3196
0	0	206	0	0	0	0	164.8	0	0	0	0	206	0	0	0	-32841.36961
0	0	206	0	0	0	0	0	187.2	0	0	0	0	206	0	0	185056.0382
0	0	0	234	0	0	0	0	164.8	0	0	0	0	0	234	0	354503.5522
0	0	0	234	0	0	0	0	0	187.2	0	0	0	0	0	234	546214.0534
0	229	0	0	0	0	201	0	0	0	0	160.8	0	0	0	0	495804.9441
0	0	252	0	0	0	0	201	0	0	0	0	0	183.2	0	0	610496.8491
0	229	0	0	0	0	160.8	0	0	0	0	0	229	0	0	0	394508.2138
0	229	0	0	0	0	0	183.2	0	0	0	0	0	229	0	0	610092.0171
0	0	0	0	165	0	0	0	0	132	0	0	0	0	165	0	-98228.71642
0	0	0	0	165	0	0	0	0	0	156	0	0	0	0	165	-1573.657263
0	0	0	0	0	195	0	0	0	0	132	0	0	0	0	0	72173.65197
0	0	0	0	0	195	0	0	0	0	0	156	0	0	0	0	157241.303
0	242	0	0	0	0	190	0	0	0	0	152	0	0	0	0	464137.3324
0	242	0	0	0	0	190	0	0	0	0	0	175.2	0	0	0	627341.8685
0	242	0	0	0	0	0	219	0	0	0	0	152	0	0	0	665857.8912
0	242	0	0	0	0	0	219	0	0	0	0	0	175.2	0	0	838025.4233
0	234	0	0	0	0	206	0	0	0	0	164.8	0	0	0	0	759394.6667
0	0	256	0	0	0	0	206	0	0	0	0	0	187.2	0	0	929335.6616
0	234	0	0	0	0	164.8	0	0	0	0	0	234	0	0	0	606628.139
0	234	0	0	0	0	0	187.2	0	0	0	0	0	234	0	0	929406.599
0	170.4	0	0	0	0	184	0	0	0	0	147.2	0	0	0	0	202999.2834
0	0	188.8	0	0	0	0	0	213	0	0	0	0	147.2	0	0	254859.0801
0	184	0	0	0	0	0	170.4	0	0	0	0	184	0	0	0	32245.92186
0	213	0	0	0	0	0	170.4	0	0	0	0	0	213	0	0	195428.606
0	225	0	0	0	0	172	0	0	0	0	137.6	0	0	0	0	106983.9798
0	225	0	0	0	0	172	0	0	0	0	0	160.8	0	0	0	151404.5211
0	225	0	0	0	0	0	201	0	0	0	0	137.6	0	0	0	161667.7158
0	225	0	0	0	0	0	201	0	0	0	0	0	160.8	0	0	208793.6484
0	0	0	151	0	0	0	0	120.8	0	0	0	0	151	0	0	-33958.16643
0	0	0	0	181	0	0	0	0	120.8	0	0	0	0	0	181	34120.00831
0	0	0	151	0	0	0	0	0	144.8	0	0	0	0	151	0	-8497.774865
0	0	0	0	181	0	0	0	0	0	144.8	0	0	0	0	0	56547.85006
0	160.8	0	0	0	0	172	0	0	0	0	137.6	0	0	0	0	588815.3706
0	0	180	0	0	0	0	0	201	0	0	0	0	137.6	0	0	761976.1275
0	172	0	0	0	0	0	160.8	0	0	0	0	172	0	0	0	46650.37997
0	201	0	0	0	0	0	160.8	0	0	0	0	0	201	0	0	566798.4643
0	196	0	0	0	0	156.8	0	0	0	0	196	0	0	0	0	-37279.80769
0	196	0	0	0	0	0	179.2	0	0	0	0	196	0	0	0	102395.6816
0	0	224	0	0	0	0	156.8	0	0	0	0	0	224	0	0	209920.4458
0	0	224	0	0	0	0	0	179.2	0	0	0	0	0	224	0	332814.01
0	0	196	0	0	0	0	156.8	0	0	0	0	196	0	0	0	-45234.60588
0	0	0	224	0	0	0	0	156.8	0	0	0	0	0	224	0	378492.4476
0	0	196	0	0	0	0	0	179.2	0	0	0	0	196	0	0	112885.9989
0	0	0	224	0	0	0	0	0	179.2	0	0	0	0	0	224	517761.2044
0	256	0	0	0	0	206	0	0	0	0	164.8	0	0	0	0	161841.8458
0	256	0	0	0	0	206	0	0	0	0	0	187.2	0	0	0	215232.5752
0	256	0	0	0	0	0	234	0	0	0	0	164.8	0	0	0	228241.954
0	256	0	0	0	0	0	234	0	0	0	0	0	187.2	0	0	284099.5343
0	207	0	0	0	0	178	0	0	0	0	142.4	0	0	0	0	224958.9296
0	0	231	0	0	0	0	178	0	0	0	0	0	165.6	0	0	287867.5879
0	207	0	0	0	0	142.4	0	0	0	0	0	207	0	0	0	176054.8991
0	207	0	0	0	0	0	165.6	0	0	0	0	0	207	0	0	287074.5475
0	229	0	0	0	0	201	0	0	0	0	160.8	0	0	0	0	612464.931
0	0	252	0	0	0	0	201	0	0	0	0	0	183.2	0	0	754143.1665
0	229	0	0	0	0	160.8	0	0	0	0	0	229	0	0	0	487333.6758
0	229	0	0	0	0	0	183.2	0	0	0	0	0	229	0	0	753643.08
0	201	0	0	0	0	172	0	0	0	0	137.6	0	0	0	0	133361.6363
0	0	225	0	0	0	0	172	0	0	0	0	0	160.8	0	0	172744.4307
0	201	0	0	0	0	137.6	0	0	0	0	0	201	0	0	0	103569.4955
0	201	0	0	0	0	0	160.8	0	0	0	0	0	201	0	0	172033.0532
0	0	206	0	0	0	0	164.8	0	0	0	0	206	0	0	0	-8555.866405
0	0	0	234	0	0	0	0	164.8	0	0	0	0	0	234	0	160647.5002
0	0	206	0	0	0	0	0	187.2	0	0	0	0	206	0	0	54560.65336
0	0	0	234	0	0	0	0	0	187.2	0	0	0	0	0	234	216237.693
0	0	190	0	0	0	0	152	0	0	0	0	190	0	0	0	-44229.52457
0	0	190	0	0	0	0	0	175.2	0	0	0	0	190	0	0	90164.45931
0	0	0	219	0	0	0	0	152	0	0	0	0	0	219	0	193389.0932
0	0	0	219	0	0	0	0	0	175.2	0	0	0	0	0	219	311640.541
0	0	0	0	172	0	0	0	0	137.6	0	0	0	0	172	0	-77337.99848
0	0	0	0	0	201	0	0	0	0	137.6	0	0	0	0	0	70000.45997
0	0	0	0	172	0	0	0	0	0	160.8	0	0	0	0	172	-22297.11078
0	0	0	0	0	201	0	0	0	0	0	160.8	0	0	0	0	118482.2496
0	197.6	0	0	0	0	196	0	0	0	0	156.8	0	0	0	0	371084.4153
0	197.6	0	0	0	0	0	224	0	0	0	0	156.8	0	0	0	500017.112
0	197.6	0	0	0	0	196	0	0	0	0	0	179.2	0	0	0	459033.4858
0	197.6	0	0	0	0	0	224	0	0	0	0	0	179.2	0	0	595604.1154
0	175.2	0	0	0	0	165	0	0	0	0	132	0	0	0	0	240970.8028
0	175.2	0	0	0	0	0	195	0	0	0	0	132	0	0	0	347110.1229
0	175.2	0	0	0	0	165	0	0	0	0	0	156	0	0	0	312715.302
0	175.2	0	0	0	0	0	195	0	0	0	0	0	156	0	0	426715.6915
0	0	0	165	0	0	0	0	132	0	0	0	0	165	0	0	-131046.513
0	0	0	165	0	0	0	0	0	156	0	0	0	0	165	0	50962.0329
0	0	0	0	195	0	0	0	0	132	0	0	0	0	0	195	189053.8694
0	0	0	0	195	0	0	0	0	0	156	0	0	0	0	0	349235.6547
0	0	0	151	0	0	0	0	120.8	0	0	0	0	151	0	0	-108282.3221
0	0	0	151	0	0	0	0	0	144.8	0	0	0	0	151	0	18389.94932
0	0	0	0	181	0	0	0	0	120.8	0	0	0	0	0	181	114220.0299
0	0	0	0	181	0	0	0	0	0	144.8	0	0	0	0	0	225722.8655
0	201	0	0	0	0	172	0	0	0	0	137.6	0	0	0	0	255609.8029
0	0	225	0	0	0	0	172	0	0	0	0	0	160.8	0	0	331093.4921
0	201	0	0	0	0	137.6	0	0	0	0	0	201	0	0	0	198508.1998
0	201	0	0	0	0	0	160.8	0	0	0	0	0	201	0	0	329730.0185
0	169.6	0	0	0	0	158	0	0	0	0	126.4	0	0	0	0	163765.5967
0	169.6	0	0	0	0	0	188	0	0	0	0	126.4	0	0	0	237674.131
0	169.6	0	0	0	0	158	0	0	0	0	0	150.4	0	0	0	213560.49
0	169.6	0	0	0	0	0	188	0	0	0	0	0	150.4	0	0	293179.0107
0	0	178	0	0	0	0	142.4	0	0	0	0	178	0	0	0	-77775.24668
0	0	178	0	0	0	0	0	165.6	0	0	0	0	178	0	0	97203.85792
0	0	0	207	0	0	0	0	142.4	0	0	0	0	0	207	0	230819.0225
0	0	0	207	0	0	0	0	0	165.6	0	0	0	0	0	207	384796.7776
0	0	151	0	0	0	0	120.8	0	0	0	0	151	0	0	0	-47387.95785
0	0	151	0	0	0	0	0	144.8	0	0	0	0	151	0	0	20381.70739
0	0	0	181	0	0	0	0	120.8	0	0	0	0	0	181	0	71650.80048
0	0	0	181	0	0	0	0	0	144.8	0	0	0	0	0	181	131304.8176
0	165	0	0	0	0	132	0	0	0	0	165	0	0	0	0	-33665.69219
0	165	0	0	0	0	0	156	0	0	0	0	165	0	0	0	31457.93981
0	0	195	0	0	0	0	132	0	0	0	0	0	195	0	0	81146.93353
0	0	195	0	0	0	0	0	156	0	0	0	0	0	195	0	138463.2753
0	0	0	172	0	0	0	0	137.6	0	0	0	0	172	0	0	-153173.4076
0	0	0	0	201	0	0	0	0	137.6	0	0	0	0	0	201	301235.7322
0	0	0	172	0	0	0	0	0	160.8	0	0	0	0	172	0	16579.16548
0	0	0	0	201	0	0	0	0	0	160.8	0	0	0	0	0	450759.2751
0	0	0	196	0	0	0	0	156.8	0	0	0	0	196	0	0	-114761.2246
0	0	0	196	0	0	0	0	0	179.2	0	0	0	0	196	0	164091.3052
0	0	0	0	224	0	0	0	0	156.8	0	0	0	0	0	224	378757.1183
0	0	0	0	224	0	0	0	0	0	179.2	0	0	0	0	0	624105.6862
0	0	172	0	0	0	0	137.6	0	0	0	0	172	0	0	0	-98818.22199
0	0	0	201	0	0	0	0	137.6	0	0	0	0	0	201	0	288171.4393
0	0	172	0	0	0	0	0	160.8	0	0	0	0	172	0	0	45748.61218
0	0	0	201	0	0	0	0	0	160.8	0	0	0	0	0	201	415510.5708
0	252	0	0	0	0	201	0	0	0	0	160.8	0	0	0	0	98809.3084
0	252	0	0	0	0	201	0	0	0	0	0	183.2	0	0	0	132302.7103
0	252	0	0	0	0	0	229	0	0	0	0	160.8	0	0	0	140554.3666
0	252	0	0	0	0	0	229	0	0	0	0	0	183.2	0	0	175649.1492
0	229	0	0	0	0	201	0	0	0	0	160.8	0	0	0	0	335397.4622
0	0	252	0	0	0	0	201	0	0	0	0	0	183.2	0	0	412983.1626
0	229	0	0	0	0	160.8	0	0	0	0	0	229	0	0	0	266873.2034
0	229	0	0	0	0	0	183.2	0	0	0	0	0	229	0	0	412709.3057
0	0	0	0	158	0	0	0	0	126.4	0	0	0	0	158	0	-125627.4961
0	0	0	0	0	188	0	0	0	0	126.4	0	0	0	0	0	71341.78906
0	0	0	0	158	0	0	0	0	0	150.4	0	0	0	0	158	-51992.35963
0	0	0	0	0	188	0	0	0	0	0	150.4	0	0	0	0	136204.8275
0	178	0	0	0	0	142.4	0	0	0	0	178	0	0	0	0	-89477.80097
0	0	207	0	0	0	0	142.4	0	0	0	0	0	207	0	0	282274.2989
0	178	0	0	0	0	0	165.6	0	0	0	0	178	0	0	0	49600.11296
0	0	207	0	0	0	0	0	165.6	0	0	0	0	0	207	0	404770.0744
0	0	172	0	0	0	0	137.6	0	0	0	0	172	0	0	0	-86506.376
0	0	172	0	0	0	0	0	160.8	0	0	0	0	172	0	0	84330.01916
0	0	0	201	0	0	0	0	137.6	0	0	0	0	0	201	0	214372.3338
0	0	0	201	0	0	0	0	0	160.8	0	0	0	0	0	201	364712.9794
0	193.6	0	0	0	0	190	0	0	0	0	152	0	0	0	0	544636.0382
0	193.6	0	0	0	0	0	219	0	0	0	0	152	0	0	0	736414.2729
0	193.6	0	0	0	0	190	0	0	0	0	0	175.2	0	0	0	674460.4972
0	193.6	0	0	0	0	0	219	0	0	0	0	0	175.2	0	0	878550.3664
0	160.8	0	0	0	0	172	0	0	0	0	137.6	0	0	0	0	338255.6384
0	0	180	0	0	0	0	0	201	0	0	0	0	137.6	0	0	437730.9669
0	172	0	0	0	0	0	160.8	0	0	0	0	172	0	0	0	26799.15445
0	201	0	0	0	0	0	160.8	0	0	0	0	0	201	0	0	325607.6284
0	201	0	0	0	0	160.8	0	0	0	0	201	0	0	0	0	-60628.81487
0	201	0	0	0	0	0	183.2	0	0	0	0	201	0	0	0	210344.9575
0	0	229	0	0	0	0	160.8	0	0	0	0	0	229	0	0	419401.7535
0	0	229	0	0	0	0	0	183.2	0	0	0	0	0	229	0	657808.8522
0	0	196	0	0	0	0	156.8	0	0	0	0	196	0	0	0	-27836.68054
0	0	0	224	0	0	0	0	156.8	0	0	0	0	0	224	0	232918.4293
0	0	196	0	0	0	0	0	179.2	0	0	0	0	196	0	0	69468.30704
0	0	0	224	0	0	0	0	0	179.2	0	0	0	0	0	224	318622.2797
0	0	0	0	206	0	0	0	0	164.8	0	0	0	0	206	0	-34385.84937
0	0	0	0	206	0	0	0	0	0	187.2	0	0	0	0	206	21918.0913
0	0	0	0	0	234	0	0	0	0	164.8	0	0	0	0	0	65448.09752
0	0	0	0	0	234	0	0	0	0	0	187.2	0	0	0	0	112511.6583
0	195	0	0	0	0	165	0	0	0	0	132	0	0	0	0	350478.0834
0	0	219	0	0	0	0	165	0	0	0	0	0	156	0	0	462624.9307
0	195	0	0	0	0	132	0	0	0	0	0	195	0	0	0	271580.8458
0	195	0	0	0	0	0	156	0	0	0	0	0	195	0	0	461141.6197
0	0	190	0	0	0	0	152	0	0	0	0	190	0	0	0	-41596.67427
0	0	190	0	0	0	0	0	175.2	0	0	0	0	190	0	0	104172.8417
0	0	0	219	0	0	0	0	152	0	0	0	0	0	219	0	216781.5332
0	0	0	219	0	0	0	0	0	175.2	0	0	0	0	0	219	345047.5875
0	0	0	172	0	0	0	0	137.6	0	0	0	0	172	0	0	-31259.8791
0	0	0	0	201	0	0	0	0	137.6	0	0	0	0	0	201	61476.68004
0	0	0	172	0	0	0	0	0	160.8	0	0	0	0	172	0	3383.503159
0	0	0	0	201	0	0	0	0	0	160.8	0	0	0	0	0	91991.68879
0	181	0	0	0	0	151	0	0	0	0	120.8	0	0	0	0	107499.6814
0	0	205	0	0	0	0	151	0	0	0	0	0	144.8	0	0	150062.9524
0	181	0	0	0	0	120.8	0	0	0	0	0	181	0	0	0	81591.57435
0	181	0	0	0	0	0	144.8	0	0	0	0	0	181	0	0	150266.4501
0	0	0	165	0	0	0	0	132	0	0	0	0	165	0	0	-101890.9092
0	0	0	165	0	0	0	0	0	156	0	0	0	0	165	0	48069.41506
0	0	0	0	195	0	0	0	0	132	0	0	0	0	0	195	162488.3653
0	0	0	0	195	0	0	0	0	0	156	0	0	0	0	0	294470.826
0	0	0	190	0	0	0	0	152	0	0	0	0	190	0	0	-52310.68014
0	0	0	190	0	0	0	0	0	175.2	0	0	0	0	190	0	72569.74633
0	0	0	0	219	0	0	0	0	152	0	0	0	0	0	219	169041.3668
0	0	0	0	219	0	0	0	0	0	175.2	0	0	0	0	0	278926.6158
0	0	151	0	0	0	0	120.8	0	0	0	0	151	0	0	0	-52232.57564
0	0	0	181	0	0	0	0	120.8	0	0	0	0	0	181	0	75243.80657
0	0	151	0	0	0	0	0	144.8	0	0	0	0	151	0	0	-4557.992436
0	0	0	181	0	0	0	0	0	144.8	0	0	0	0	0	181	117239.9402
0	0	0	0	201	0	0	0	0	160.8	0	0	0	0	201	0	-182521.0614
0	0	0	0	201	0	0	0	0	0	183.2	0	0	0	0	201	93973.08239
0	0	0	0	0	229	0	0	0	0	160.8	0	0	0	0	0	307288.8559
0	0	0	0	0	229	0	0	0	0	0	183.2	0	0	0	0	538458.5169
0	0	0	165	0	0	0	0	132	0	0	0	0	165	0	0	-165133.5425
0	0	0	165	0	0	0	0	0	156	0	0	0	0	165	0	77905.60371
0	0	0	0	195	0	0	0	0	132	0	0	0	0	0	195	263343.2128
0	0	0	0	195	0	0	0	0	0	156	0	0	0	0	0	477245.8214
0	0	0	190	0	0	0	0	152	0	0	0	0	190	0	0	-71332.74565
0	0	0	190	0	0	0	0	0	175.2	0	0	0	0	190	0	98958.745
0	0	0	0	219	0	0	0	0	152	0	0	0	0	0	219	230510.9547
0	0	0	0	219	0	0	0	0	0	175.2	0	0	0	0	0	380354.476
0	0	0	0	201	0	0	0	0	160.8	0	0	0	0	201	0	-105313.6206
0	0	0	0	201	0	0	0	0	0	183.2	0	0	0	0	201	65119.31378
0	0	0	0	0	229	0	0	0	0	160.8	0	0	0	0	0	197375.0933
0	0	0	0	0	229	0	0	0	0	0	183.2	0	0	0	0	347331.0755
0	0	0	0	151	0	0	0	0	120.8	0	0	0	0	151	0	-138001.4345
0	0	0	0	151	0	0	0	0	0	144.8	0	0	0	0	151	-24169.41488
0	0	0	0	0	181	0	0	0	0	120.8	0	0	0	0	0	61946.76102
0	0	0	0	0	181	0	0	0	0	0	144.8	0	0	0	0	162147.0088
0	190	0	0	0	0	152	0	0	0	0	190	0	0	0	0	-28149.59889
0	0	219	0	0	0	0	152	0	0	0	0	0	219	0	0	188783.3449
0	190	0	0	0	0	0	175.2	0	0	0	0	190	0	0	0	52823.77878
0	0	219	0	0	0	0	0	175.2	0	0	0	0	0	219	0	260103.8371
0	201	0	0	0	0	160.8	0	0	0	0	201	0	0	0	0	-54565.93338
0	201	0	0	0	0	0	183.2	0	0	0	0	201	0	0	0	189310.4617
0	0	229	0	0	0	0	160.8	0	0	0	0	0	229	0	0	377461.5782
0	0	229	0	0	0	0	0	183.2	0	0	0	0	0	229	0	592027.967
0	170.4	0	0	0	0	184	0	0	0	0	147.2	0	0	0	0	217499.2322
0	0	188.8	0	0	0	0	0	213	0	0	0	0	147.2	0	0	273063.3001
0	184	0	0	0	0	0	170.4	0	0	0	0	184	0	0	0	34549.20199
0	213	0	0	0	0	0	170.4	0	0	0	0	0	213	0	0	209387.7922
0	0	0	201	0	0	0	0	160.8	0	0	0	0	201	0	0	-23806.13415
0	0	0	201	0	0	0	0	0	183.2	0	0	0	0	201	0	41280.5873
0	0	0	0	229	0	0	0	0	160.8	0	0	0	0	0	229	91495.12037
0	0	0	0	229	0	0	0	0	0	183.2	0	0	0	0	0	148759.4685
0	151	0	0	0	0	120.8	0	0	0	0	151	0	0	0	0	-35079.95464
0	0	181	0	0	0	0	120.8	0	0	0	0	0	181	0	0	52605.5854
0	151	0	0	0	0	0	144.8	0	0	0	0	151	0	0	0	-2286.652054
0	0	181	0	0	0	0	0	144.8	0	0	0	0	0	181	0	81492.92592
0	158	0	0	0	0	126.4	0	0	0	0	158	0	0	0	0	-87708.76815
0	0	188	0	0	0	0	126.4	0	0	0	0	0	188	0	0	144572.7585
0	158	0	0	0	0	0	150.4	0	0	0	0	158	0	0	0	-723.7345261
0	0	188	0	0	0	0	0	150.4	0	0	0	0	0	188	0	221191.3369
0	170.4	0	0	0	0	184	0	0	0	0	147.2	0	0	0	0	408763.3511
0	0	188.8	0	0	0	0	0	213	0	0	0	0	147.2	0	0	517672.4331
0	184	0	0	0	0	0	170.4	0	0	0	0	184	0	0	0	55827.68039
0	213	0	0	0	0	0	170.4	0	0	0	0	0	213	0	0	394566.451
0	175.2	0	0	0	0	190	0	0	0	0	152	0	0	0	0	119031.5092
0	0	193.6	0	0	0	0	0	219	0	0	0	0	152	0	0	149329.5159
0	190	0	0	0	0	0	175.2	0	0	0	0	190	0	0	0	19130.86402
0	219	0	0	0	0	0	175.2	0	0	0	0	0	219	0	0	115030.7091
0	0	0	151	0	0	0	0	120.8	0	0	0	0	151	0	0	-72721.87712
0	0	0	0	181	0	0	0	0	120.8	0	0	0	0	0	181	64042.66815
0	0	0	151	0	0	0	0	0	144.8	0	0	0	0	151	0	-21486.7126
0	0	0	0	181	0	0	0	0	0	144.8	0	0	0	0	0	109172.9445
0	160.8	0	0	0	0	172	0	0	0	0	137.6	0	0	0	0	187919.7991
0	0	180	0	0	0	0	0	201	0	0	0	0	137.6	0	0	243183.8705
0	172	0	0	0	0	0	160.8	0	0	0	0	172	0	0	0	14888.41914
0	201	0	0	0	0	0	160.8	0	0	0	0	0	201	0	0	180893.1269
0	188	0	0	0	0	158	0	0	0	0	126.4	0	0	0	0	100138.0657
0	0	212	0	0	0	0	158	0	0	0	0	0	150.4	0	0	136544.8804
0	188	0	0	0	0	126.4	0	0	0	0	0	188	0	0	0	77094.00037
0	188	0	0	0	0	0	150.4	0	0	0	0	0	188	0	0	136984.8315
0	247	0	0	0	0	196	0	0	0	0	156.8	0	0	0	0	474139.466
0	247	0	0	0	0	196	0	0	0	0	0	179.2	0	0	0	633531.4809
0	247	0	0	0	0	0	224	0	0	0	0	156.8	0	0	0	672691.9662
0	247	0	0	0	0	0	224	0	0	0	0	0	179.2	0	0	840077.3643
0	201	0	0	0	0	160.8	0	0	0	0	201	0	0	0	0	-21616.31781
0	0	229	0	0	0	0	160.8	0	0	0	0	0	229	0	0	286420.9199
0	201	0	0	0	0	0	183.2	0	0	0	0	201	0	0	0	93310.08391
0	0	229	0	0	0	0	0	183.2	0	0	0	0	0	229	0	387644.0819
0	0	0	158	0	0	0	0	126.4	0	0	0	0	158	0	0	-129968.5392
0	0	0	158	0	0	0	0	0	150.4	0	0	0	0	158	0	31621.16976
0	0	0	0	188	0	0	0	0	126.4	0	0	0	0	0	188	153721.2237
0	0	0	0	188	0	0	0	0	0	150.4	0	0	0	0	0	295943.0661
0	184	0	0	0	0	147.2	0	0	0	0	184	0	0	0	0	-64472.79342
0	184	0	0	0	0	0	170.4	0	0	0	0	184	0	0	0	132444.2559
0	0	213	0	0	0	0	147.2	0	0	0	0	0	213	0	0	284128.4705
0	0	213	0	0	0	0	0	170.4	0	0	0	0	0	213	0	457409.2664
0	0	190	0	0	0	0	152	0	0	0	0	190	0	0	0	-22531.5319
0	0	190	0	0	0	0	0	175.2	0	0	0	0	190	0	0	56426.95593
0	0	0	219	0	0	0	0	152	0	0	0	0	0	219	0	117423.3305
0	0	0	219	0	0	0	0	0	175.2	0	0	0	0	0	219	186900.7766
0	219	0	0	0	0	165	0	0	0	0	132	0	0	0	0	441823.7213
0	219	0	0	0	0	165	0	0	0	0	0	156	0	0	0	630094.7854
0	219	0	0	0	0	0	195	0	0	0	0	132	0	0	0	671787.2614
0	219	0	0	0	0	0	195	0	0	0	0	0	156	0	0	872702.618
0	201	0	0	0	0	160.8	0	0	0	0	201	0	0	0	0	-16627.93678
0	0	229	0	0	0	0	160.8	0	0	0	0	0	229	0	0	220323.7845
0	201	0	0	0	0	0	183.2	0	0	0	0	201	0	0	0	71776.98762
0	0	229	0	0	0	0	0	183.2	0	0	0	0	0	229	0	298187.7553
0	236	0	0	0	0	184	0	0	0	0	147.2	0	0	0	0	72779.59094
0	236	0	0	0	0	184	0	0	0	0	0	170.4	0	0	0	100424.5216
0	236	0	0	0	0	0	213	0	0	0	0	147.2	0	0	0	106832.6592
0	236	0	0	0	0	0	213	0	0	0	0	0	170.4	0	0	136035.8878
0	0	206	0	0	0	0	164.8	0	0	0	0	206	0	0	0	-26808.3814
0	0	0	234	0	0	0	0	164.8	0	0	0	0	0	234	0	503362.1672
0	0	206	0	0	0	0	0	187.2	0	0	0	0	206	0	0	170956.7139
0	0	0	234	0	0	0	0	0	187.2	0	0	0	0	0	234	677544.7713
0	224	0	0	0	0	196	0	0	0	0	156.8	0	0	0	0	149066.9901
0	0	247	0	0	0	0	196	0	0	0	0	0	179.2	0	0	186499.0572
0	224	0	0	0	0	156.8	0	0	0	0	0	224	0	0	0	118692.5841
0	224	0	0	0	0	0	179.2	0	0	0	0	0	224	0	0	187571.5009
0	0	0	0	196	0	0	0	0	156.8	0	0	0	0	196	0	-90364.46026
0	0	0	0	196	0	0	0	0	0	179.2	0	0	0	0	196	44586.1673
0	0	0	0	0	224	0	0	0	0	156.8	0	0	0	0	0	149076.9252
0	0	0	0	0	224	0	0	0	0	0	179.2	0	0	0	0	267818.3417
0	0	0	0	201	0	0	0	0	160.8	0	0	0	0	201	0	-18550.85629
0	0	0	0	0	229	0	0	0	0	160.8	0	0	0	0	0	39476.09982
0	0	0	0	201	0	0	0	0	0	183.2	0	0	0	0	201	3098.569341
0	0	0	0	0	229	0	0	0	0	0	183.2	0	0	0	0	58544.15803
0	144.8	0	0	0	0	151	0	0	0	0	120.8	0	0	0	0	441887.7766
0	0	164	0	0	0	0	0	181	0	0	0	0	120.8	0	0	605563.0361
0	151	0	0	0	0	0	144.8	0	0	0	0	151	0	0	0	-25894.94505
0	181	0	0	0	0	0	144.8	0	0	0	0	0	181	0	0	426714.5384
0	158	0	0	0	0	126.4	0	0	0	0	158	0	0	0	0	-53387.94583
0	0	188	0	0	0	0	126.4	0	0	0	0	0	188	0	0	88000.80954
0	158	0	0	0	0	0	150.4	0	0	0	0	158	0	0	0	-440.5340594
0	0	188	0	0	0	0	0	150.4	0	0	0	0	0	188	0	134638.205
0	190	0	0	0	0	152	0	0	0	0	190	0	0	0	0	-24682.49808
0	190	0	0	0	0	0	175.2	0	0	0	0	190	0	0	0	53754.71796
0	0	219	0	0	0	0	152	0	0	0	0	0	219	0	0	114000.3679
0	0	219	0	0	0	0	0	175.2	0	0	0	0	0	219	0	183016.2129
0	184	0	0	0	0	147.2	0	0	0	0	184	0	0	0	0	-22877.44283
0	184	0	0	0	0	0	170.4	0	0	0	0	184	0	0	0	46996.34886
0	0	213	0	0	0	0	147.2	0	0	0	0	0	213	0	0	100819.7799
0	0	213	0	0	0	0	0	170.4	0	0	0	0	0	213	0	162306.5139
0	0	0	158	0	0	0	0	126.4	0	0	0	0	158	0	0	-157402.7787
0	0	0	158	0	0	0	0	0	150.4	0	0	0	0	158	0	48479.87148
0	0	0	0	188	0	0	0	0	126.4	0	0	0	0	0	188	204920.5656
0	0	0	0	188	0	0	0	0	0	150.4	0	0	0	0	0	386134.2093
0	0	0	0	196	0	0	0	0	156.8	0	0	0	0	196	0	-63635.60949
0	0	0	0	0	224	0	0	0	0	156.8	0	0	0	0	0	116669.333
0	0	0	0	196	0	0	0	0	0	179.2	0	0	0	0	196	3648.096658
0	0	0	0	0	224	0	0	0	0	0	179.2	0	0	0	0	175931.1738
0	0	0	0	178	0	0	0	0	142.4	0	0	0	0	178	0	-136841.7916
0	0	0	0	0	207	0	0	0	0	142.4	0	0	0	0	0	130917.4289
0	0	0	0	178	0	0	0	0	0	165.6	0	0	0	0	178	-36669.13935
0	0	0	0	0	207	0	0	0	0	0	165.6	0	0	0	0	219146.5831
0	0	0	206	0	0	0	0	164.8	0	0	0	0	206	0	0	-53738.21041
0	0	0	0	234	0	0	0	0	164.8	0	0	0	0	0	234	285186.8687
0	0	0	206	0	0	0	0	0	187.2	0	0	0	0	206	0	72914.45544
0	0	0	0	234	0	0	0	0	0	187.2	0	0	0	0	0	396730.895
0	0	165	0	0	0	0	132	0	0	0	0	165	0	0	0	-74792.95496
0	0	0	195	0	0	0	0	132	0	0	0	0	0	195	0	149017.1568
0	0	165	0	0	0	0	0	156	0	0	0	0	165	0	0	8989.805502
0	0	0	195	0	0	0	0	0	156	0	0	0	0	0	195	222813.4463
0	219	0	0	0	0	190	0	0	0	0	152	0	0	0	0	566580.6021
0	0	242	0	0	0	0	190	0	0	0	0	0	175.2	0	0	717196.8792
0	219	0	0	0	0	152	0	0	0	0	0	219	0	0	0	451410.133
0	219	0	0	0	0	0	175.2	0	0	0	0	0	219	0	0	722182.2983
0	0	201	0	0	0	0	160.8	0	0	0	0	201	0	0	0	-9516.390306
0	0	0	229	0	0	0	0	160.8	0	0	0	0	0	229	0	112281.2234
0	0	201	0	0	0	0	0	183.2	0	0	0	0	201	0	0	35925.39326
0	0	0	229	0	0	0	0	0	183.2	0	0	0	0	0	229	152304.7598
0	0	0	206	0	0	0	0	164.8	0	0	0	0	206	0	0	-96876.45912
0	0	0	206	0	0	0	0	0	187.2	0	0	0	0	206	0	204349.6234
0	0	0	0	234	0	0	0	0	164.8	0	0	0	0	0	234	437235.1567
0	0	0	0	234	0	0	0	0	0	187.2	0	0	0	0	0	702248.7145
0	206	0	0	0	0	164.8	0	0	0	0	206	0	0	0	0	-16512.96225
0	0	234	0	0	0	0	164.8	0	0	0	0	0	234	0	0	369721.9225
0	206	0	0	0	0	0	187.2	0	0	0	0	206	0	0	0	127561.0135
0	0	234	0	0	0	0	0	187.2	0	0	0	0	0	234	0	496615.8026
0	0	0	0	172	0	0	0	0	137.6	0	0	0	0	172	0	-179857.2969
0	0	0	0	0	201	0	0	0	0	137.6	0	0	0	0	0	142280.2084
0	0	0	0	172	0	0	0	0	0	160.8	0	0	0	0	172	-59307.90104
0	0	0	0	0	201	0	0	0	0	0	160.8	0	0	0	0	248458.4269
0	0	0	0	158	0	0	0	0	126.4	0	0	0	0	158	0	-200673.9452
0	0	0	0	158	0	0	0	0	0	150.4	0	0	0	0	158	-26058.89753
0	0	0	0	0	188	0	0	0	0	126.4	0	0	0	0	0	105883.3337
0	0	0	0	0	188	0	0	0	0	0	150.4	0	0	0	0	252221.8705
0	206	0	0	0	0	164.8	0	0	0	0	206	0	0	0	0	-13416.78183
0	0	234	0	0	0	0	164.8	0	0	0	0	0	234	0	0	300399.062
0	206	0	0	0	0	0	187.2	0	0	0	0	206	0	0	0	103643.3235
0	0	234	0	0	0	0	0	187.2	0	0	0	0	0	234	0	403500.3396
0	0	0	0	190	0	0	0	0	152	0	0	0	0	190	0	-103016.2408
0	0	0	0	0	219	0	0	0	0	152	0	0	0	0	0	140423.941
0	0	0	0	190	0	0	0	0	0	175.2	0	0	0	0	190	-11988.1176
0	0	0	0	0	219	0	0	0	0	0	175.2	0	0	0	0	220596.3
0	0	201	0	0	0	0	160.8	0	0	0	0	201	0	0	0	-19560.85424
0	0	201	0	0	0	0	0	183.2	0	0	0	0	201	0	0	62744.26353
0	0	0	229	0	0	0	0	160.8	0	0	0	0	0	229	0	126242.8231
0	0	0	229	0	0	0	0	0	183.2	0	0	0	0	0	229	198656.1942
0	144.8	0	0	0	0	151	0	0	0	0	120.8	0	0	0	0	396380.2088
0	0	164	0	0	0	0	0	181	0	0	0	0	120.8	0	0	536534.8121
0	151	0	0	0	0	0	144.8	0	0	0	0	151	0	0	0	-9908.825567
0	181	0	0	0	0	0	144.8	0	0	0	0	0	181	0	0	381532.7808
0	184	0	0	0	0	147.2	0	0	0	0	184	0	0	0	0	-81527.71691
0	0	213	0	0	0	0	147.2	0	0	0	0	0	213	0	0	321745.4656
0	184	0	0	0	0	0	170.4	0	0	0	0	184	0	0	0	69303.32738
0	0	213	0	0	0	0	0	170.4	0	0	0	0	0	213	0	454590.8846
0	0	0	0	190	0	0	0	0	152	0	0	0	0	190	0	-53198.13813
0	0	0	0	190	0	0	0	0	0	175.2	0	0	0	0	190	16165.67253
0	0	0	0	0	219	0	0	0	0	152	0	0	0	0	0	69442.26836
0	0	0	0	0	219	0	0	0	0	0	175.2	0	0	0	0	127467.3316
0	0	0	184	0	0	0	0	147.2	0	0	0	0	184	0	0	-37195.96505
0	0	0	184	0	0	0	0	0	170.4	0	0	0	0	184	0	40479.18591
0	0	0	0	213	0	0	0	0	147.2	0	0	0	0	0	213	100311.9648
0	0	0	0	213	0	0	0	0	0	170.4	0	0	0	0	0	168663.6491
0	158	0	0	0	0	126.4	0	0	0	0	158	0	0	0	0	-44931.3704
0	0	188	0	0	0	0	126.4	0	0	0	0	0	188	0	0	85770.5451
0	158	0	0	0	0	0	150.4	0	0	0	0	158	0	0	0	3930.325859
0	0	188	0	0	0	0	0	150.4	0	0	0	0	0	188	0	128811.3845
0	0	0	201	0	0	0	0	160.8	0	0	0	0	201	0	0	-101717.1187
0	0	0	201	0	0	0	0	0	183.2	0	0	0	0	201	0	176380.6912
0	0	0	0	229	0	0	0	0	160.8	0	0	0	0	0	229	390933.6961
0	0	0	0	229	0	0	0	0	0	183.2	0	0	0	0	0	635608.638
0	0	165	0	0	0	0	132	0	0	0	0	165	0	0	0	-58112.78852
0	0	0	195	0	0	0	0	132	0	0	0	0	0	195	0	135628.3184
0	0	165	0	0	0	0	0	156	0	0	0	0	165	0	0	14288.77696
0	0	0	195	0	0	0	0	0	156	0	0	0	0	0	195	199403.3295
0	0	158	0	0	0	0	126.4	0	0	0	0	158	0	0	0	-109562.0496
0	0	0	188	0	0	0	0	126.4	0	0	0	0	0	188	0	173593.0012
0	0	158	0	0	0	0	0	150.4	0	0	0	0	158	0	0	-3525.844445
0	0	0	188	0	0	0	0	0	150.4	0	0	0	0	0	188	266992.3247
0	0	0	158	0	0	0	0	126.4	0	0	0	0	158	0	0	-44676.68534
0	0	0	158	0	0	0	0	0	150.4	0	0	0	0	158	0	10869.77711
0	0	0	0	188	0	0	0	0	126.4	0	0	0	0	0	188	52841.67066
0	0	0	0	188	0	0	0	0	0	150.4	0	0	0	0	0	101730.429
0	0	0	151	0	0	0	0	120.8	0	0	0	0	151	0	0	-45811.75168
0	0	0	151	0	0	0	0	0	144.8	0	0	0	0	151	0	7780.363174
0	0	0	0	181	0	0	0	0	120.8	0	0	0	0	0	181	48323.85879
0	0	0	0	181	0	0	0	0	0	144.8	0	0	0	0	0	95498.13542
0	144.8	0	0	0	0	151	0	0	0	0	120.8	0	0	0	0	193108.3068
0	0	164	0	0	0	0	0	181	0	0	0	0	120.8	0	0	261388.7546
0	151	0	0	0	0	0	144.8	0	0	0	0	151	0	0	0	-4827.376558
0	181	0	0	0	0	0	144.8	0	0	0	0	0	181	0	0	185874.9445
0	0	0	0	151	0	0	0	0	120.8	0	0	0	0	151	0	-264401.2438
0	0	0	0	0	181	0	0	0	0	120.8	0	0	0	0	0	95085.0025
0	0	0	0	151	0	0	0	0	0	144.8	0	0	0	0	151	-129729.3745
0	0	0	0	0	181	0	0	0	0	0	144.8	0	0	0	0	213710.1449
0	0	0	0	165	0	0	0	0	132	0	0	0	0	165	0	-191529.8189
0	0	0	0	0	195	0	0	0	0	132	0	0	0	0	0	122945.1165
0	0	0	0	165	0	0	0	0	0	156	0	0	0	0	165	-73806.90648
0	0	0	0	0	195	0	0	0	0	0	156	0	0	0	0	226636.0679
0	0	0	196	0	0	0	0	156.8	0	0	0	0	196	0	0	-37631.75155
0	0	0	0	224	0	0	0	0	156.8	0	0	0	0	0	224	135786.2336
0	0	0	196	0	0	0	0	0	179.2	0	0	0	0	196	0	27196.92946
0	0	0	0	224	0	0	0	0	0	179.2	0	0	0	0	0	192882.7154
0	190	0	0	0	0	152	0	0	0	0	190	0	0	0	0	-41137.49681
0	190	0	0	0	0	0	175.2	0	0	0	0	190	0	0	0	89591.1966
0	0	219	0	0	0	0	152	0	0	0	0	0	219	0	0	190000.6132
0	0	219	0	0	0	0	0	175.2	0	0	0	0	0	219	0	305027.0215
0	151	0	0	0	0	120.8	0	0	0	0	151	0	0	0	0	-140825.887
0	151	0	0	0	0	0	144.8	0	0	0	0	151	0	0	0	65558.80891
0	0	181	0	0	0	0	120.8	0	0	0	0	0	181	0	0	221692.9162
0	0	181	0	0	0	0	0	144.8	0	0	0	0	0	181	0	403362.3421
0	0	184	0	0	0	0	147.2	0	0	0	0	184	0	0	0	-9132.179246
0	0	0	213	0	0	0	0	147.2	0	0	0	0	0	213	0	42974.44906
0	0	184	0	0	0	0	0	170.4	0	0	0	0	184	0	0	10322.39127
0	0	0	213	0	0	0	0	0	170.4	0	0	0	0	0	213	60110.09327
0	205	0	0	0	0	151	0	0	0	0	120.8	0	0	0	0	362383.8944
0	205	0	0	0	0	151	0	0	0	0	0	144.8	0	0	0	547607.4433
0	205	0	0	0	0	0	181	0	0	0	0	120.8	0	0	0	586939.5315
0	205	0	0	0	0	0	181	0	0	0	0	0	144.8	0	0	785587.2335
0	0	0	206	0	0	0	0	164.8	0	0	0	0	206	0	0	-64551.28942
0	0	0	0	234	0	0	0	0	164.8	0	0	0	0	0	234	462562.0021
0	0	0	206	0	0	0	0	0	187.2	0	0	0	0	206	0	132073.3827
0	0	0	0	234	0	0	0	0	0	187.2	0	0	0	0	0	635740.1727
0	193.6	0	0	0	0	190	0	0	0	0	152	0	0	0	0	573796.0448
0	193.6	0	0	0	0	0	219	0	0	0	0	152	0	0	0	782617.3347
0	193.6	0	0	0	0	190	0	0	0	0	0	175.2	0	0	0	715500.7443
0	193.6	0	0	0	0	0	219	0	0	0	0	0	175.2	0	0	937590.192
0	0	206	0	0	0	0	164.8	0	0	0	0	206	0	0	0	-35340.1923
0	0	206	0	0	0	0	0	187.2	0	0	0	0	206	0	0	145154.4764
0	0	0	234	0	0	0	0	164.8	0	0	0	0	0	234	0	284699.4879
0	0	0	234	0	0	0	0	0	187.2	0	0	0	0	0	234	443495.6117
0	201	0	0	0	0	172	0	0	0	0	137.6	0	0	0	0	155588.5757
0	0	225	0	0	0	0	172	0	0	0	0	0	160.8	0	0	201535.1691
0	201	0	0	0	0	137.6	0	0	0	0	0	201	0	0	0	120831.0781
0	201	0	0	0	0	0	160.8	0	0	0	0	0	201	0	0	200705.2287
0	180	0	0	0	0	172	0	0	0	0	137.6	0	0	0	0	241991.6602
0	180	0	0	0	0	0	201	0	0	0	0	137.6	0	0	0	338167.4312
0	180	0	0	0	0	172	0	0	0	0	0	160.8	0	0	0	307218.5945
0	180	0	0	0	0	0	201	0	0	0	0	0	160.8	0	0	410107.5063
0	212	0	0	0	0	158	0	0	0	0	126.4	0	0	0	0	380950.5779
0	212	0	0	0	0	158	0	0	0	0	0	150.4	0	0	0	561808.0153
0	212	0	0	0	0	0	188	0	0	0	0	126.4	0	0	0	600941.5901
0	212	0	0	0	0	0	188	0	0	0	0	0	150.4	0	0	794347.8331
0	0	0	0	196	0	0	0	0	156.8	0	0	0	0	196	0	-147366.6746
0	0	0	0	0	224	0	0	0	0	156.8	0	0	0	0	0	270181.6132
0	0	0	0	196	0	0	0	0	0	179.2	0	0	0	0	196	8448.22384
0	0	0	0	0	224	0	0	0	0	0	179.2	0	0	0	0	407419.5603
0	156	0	0	0	0	165	0	0	0	0	132	0	0	0	0	291206.1656
0	0	175.2	0	0	0	0	0	195	0	0	0	0	132	0	0	383989.8381
0	165	0	0	0	0	0	156	0	0	0	0	165	0	0	0	12812.74466
0	195	0	0	0	0	0	156	0	0	0	0	0	195	0	0	282161.0711
0	0	0	190	0	0	0	0	152	0	0	0	0	190	0	0	-64941.70343
0	0	0	0	219	0	0	0	0	152	0	0	0	0	0	219	195539.2911
0	0	0	190	0	0	0	0	0	175.2	0	0	0	0	190	0	32458.38837
0	0	0	0	219	0	0	0	0	0	175.2	0	0	0	0	0	281323.7152
0	0	151	0	0	0	0	120.8	0	0	0	0	151	0	0	0	-30994.88357
0	0	151	0	0	0	0	0	144.8	0	0	0	0	151	0	0	10941.52063
0	0	0	181	0	0	0	0	120.8	0	0	0	0	0	181	0	42491.73177
0	0	0	181	0	0	0	0	0	144.8	0	0	0	0	0	181	79404.5294
0	165	0	0	0	0	132	0	0	0	0	165	0	0	0	0	-36726.20966
0	165	0	0	0	0	0	156	0	0	0	0	165	0	0	0	34317.75252
0	0	195	0	0	0	0	132	0	0	0	0	0	195	0	0	88523.92749
0	0	195	0	0	0	0	0	156	0	0	0	0	0	195	0	151050.8458
0	0	0	151	0	0	0	0	120.8	0	0	0	0	151	0	0	-62470.57047
0	0	0	151	0	0	0	0	0	144.8	0	0	0	0	151	0	10609.58615
0	0	0	0	181	0	0	0	0	120.8	0	0	0	0	0	181	65896.17107
0	0	0	0	181	0	0	0	0	0	144.8	0	0	0	0	0	130224.7301
0	165	0	0	0	0	132	0	0	0	0	165	0	0	0	0	-24117.96629
0	0	195	0	0	0	0	132	0	0	0	0	0	195	0	0	58803.22746
0	165	0	0	0	0	0	156	0	0	0	0	165	0	0	0	6869.903738
0	0	195	0	0	0	0	0	156	0	0	0	0	0	195	0	86098.93222
0	0	0	0	172	0	0	0	0	137.6	0	0	0	0	172	0	-82637.13643
0	0	0	0	0	201	0	0	0	0	137.6	0	0	0	0	0	65371.98766
0	0	0	0	172	0	0	0	0	0	160.8	0	0	0	0	172	-27249.57616
0	0	0	0	0	201	0	0	0	0	0	160.8	0	0	0	0	114156.5745
0	224	0	0	0	0	196	0	0	0	0	156.8	0	0	0	0	352340.1585
0	0	247	0	0	0	0	196	0	0	0	0	0	179.2	0	0	440815.9533
0	224	0	0	0	0	156.8	0	0	0	0	0	224	0	0	0	280546.108
0	224	0	0	0	0	0	179.2	0	0	0	0	0	224	0	0	443350.8202
0	0	0	0	178	0	0	0	0	142.4	0	0	0	0	178	0	-169614.9664
0	0	0	0	0	207	0	0	0	0	142.4	0	0	0	0	0	185772.1852
0	0	0	0	178	0	0	0	0	0	165.6	0	0	0	0	178	-36891.47952
0	0	0	0	0	207	0	0	0	0	0	165.6	0	0	0	0	302677.3258
0	0	0	196	0	0	0	0	156.8	0	0	0	0	196	0	0	-53127.17865
0	0	0	0	224	0	0	0	0	156.8	0	0	0	0	0	224	191698.2121
0	0	0	196	0	0	0	0	0	179.2	0	0	0	0	196	0	38395.66512
0	0	0	0	224	0	0	0	0	0	179.2	0	0	0	0	0	272305.01
0	0	190	0	0	0	0	152	0	0	0	0	190	0	0	0	-29785.50995
0	0	0	219	0	0	0	0	152	0	0	0	0	0	219	0	141731.2064
0	0	190	0	0	0	0	0	175.2	0	0	0	0	190	0	0	34348.70434
0	0	0	219	0	0	0	0	0	175.2	0	0	0	0	0	219	198216.9503
0	236	0	0	0	0	184	0	0	0	0	147.2	0	0	0	0	327508.1592
0	236	0	0	0	0	184	0	0	0	0	0	170.4	0	0	0	451910.3474
0	236	0	0	0	0	0	213	0	0	0	0	147.2	0	0	0	480746.9662
0	236	0	0	0	0	0	213	0	0	0	0	0	170.4	0	0	612161.4952
0	0	0	158	0	0	0	0	126.4	0	0	0	0	158	0	0	-38390.92163
0	0	0	158	0	0	0	0	0	150.4	0	0	0	0	158	0	11824.3589
0	0	0	0	188	0	0	0	0	126.4	0	0	0	0	0	188	49980.62576
0	0	0	0	188	0	0	0	0	0	150.4	0	0	0	0	0	94179.07543
0	170.4	0	0	0	0	184	0	0	0	0	147.2	0	0	0	0	173999.3858
0	0	188.8	0	0	0	0	0	213	0	0	0	0	147.2	0	0	218450.6401
0	184	0	0	0	0	0	170.4	0	0	0	0	184	0	0	0	27639.36159
0	213	0	0	0	0	0	170.4	0	0	0	0	0	213	0	0	167510.2337
0	247	0	0	0	0	196	0	0	0	0	156.8	0	0	0	0	351512.7093
0	247	0	0	0	0	196	0	0	0	0	0	179.2	0	0	0	474124.5684
0	247	0	0	0	0	0	224	0	0	0	0	156.8	0	0	0	504070.8219
0	247	0	0	0	0	0	224	0	0	0	0	0	179.2	0	0	632747.9136
0	0	0	165	0	0	0	0	132	0	0	0	0	165	0	0	-77296.55183
0	0	0	165	0	0	0	0	0	156	0	0	0	0	165	0	36466.4528
0	0	0	0	195	0	0	0	0	132	0	0	0	0	0	195	123267.0358
0	0	0	0	195	0	0	0	0	0	156	0	0	0	0	0	223391.6611
0	170.4	0	0	0	0	184	0	0	0	0	147.2	0	0	0	0	405998.5668
0	0	188.8	0	0	0	0	0	213	0	0	0	0	147.2	0	0	509718.1602
0	184	0	0	0	0	0	170.4	0	0	0	0	184	0	0	0	64491.84371
0	213	0	0	0	0	0	170.4	0	0	0	0	0	213	0	0	390857.2121
0	0	201	0	0	0	0	160.8	0	0	0	0	201	0	0	0	-63196.60599
0	0	201	0	0	0	0	0	183.2	0	0	0	0	201	0	0	202712.236
0	0	0	229	0	0	0	0	160.8	0	0	0	0	0	229	0	407861.4284
0	0	0	229	0	0	0	0	0	183.2	0	0	0	0	0	229	641812.3196
0	201.6	0	0	0	0	201	0	0	0	0	160.8	0	0	0	0	115849.6554
0	201.6	0	0	0	0	0	229	0	0	0	0	160.8	0	0	0	153774.0519
0	201.6	0	0	0	0	201	0	0	0	0	0	183.2	0	0	0	141669.1316
0	201.6	0	0	0	0	0	229	0	0	0	0	0	183.2	0	0	181810.2899
0	0	0	206	0	0	0	0	164.8	0	0	0	0	206	0	0	-83313.75484
0	0	0	206	0	0	0	0	0	187.2	0	0	0	0	206	0	175740.6762
0	0	0	0	234	0	0	0	0	164.8	0	0	0	0	0	234	376022.2348
0	0	0	0	234	0	0	0	0	0	187.2	0	0	0	0	0	603933.8945
0	0	165	0	0	0	0	132	0	0	0	0	165	0	0	0	-72640.98565
0	0	0	195	0	0	0	0	132	0	0	0	0	0	195	0	169535.3979
0	0	165	0	0	0	0	0	156	0	0	0	0	165	0	0	17860.9712
0	0	0	195	0	0	0	0	0	156	0	0	0	0	0	195	249254.1618
0	0	0	184	0	0	0	0	147.2	0	0	0	0	184	0	0	-145442.8541
0	0	0	184	0	0	0	0	0	170.4	0	0	0	0	184	0	133563.0867
0	0	0	0	213	0	0	0	0	147.2	0	0	0	0	0	213	347251.5828
0	0	0	0	213	0	0	0	0	0	170.4	0	0	0	0	0	592757.6026
0	0	0	0	201	0	0	0	0	160.8	0	0	0	0	201	0	-166463.4648
0	0	0	0	201	0	0	0	0	0	183.2	0	0	0	0	201	102930.5282
0	0	0	0	0	229	0	0	0	0	160.8	0	0	0	0	0	311979.9862
0	0	0	0	0	229	0	0	0	0	0	183.2	0	0	0	0	549007.1838
0	158	0	0	0	0	126.4	0	0	0	0	158	0	0	0	0	-134794.1112
0	0	188	0	0	0	0	126.4	0	0	0	0	0	188	0	0	257311.6353
0	158	0	0	0	0	0	150.4	0	0	0	0	158	0	0	0	11790.97758
0	0	188	0	0	0	0	0	150.4	0	0	0	0	0	188	0	386434.1534
0	0	0	0	178	0	0	0	0	142.4	0	0	0	0	178	0	-59298.10968
0	0	0	0	0	207	0	0	0	0	142.4	0	0	0	0	0	56730.88584
0	0	0	0	178	0	0	0	0	0	165.6	0	0	0	0	178	-15889.96038
0	0	0	0	0	207	0	0	0	0	0	165.6	0	0	0	0	94963.51936
0	201	0	0	0	0	172	0	0	0	0	137.6	0	0	0	0	311216.5926
0	0	225	0	0	0	0	172	0	0	0	0	0	160.8	0	0	407793.2221
0	201	0	0	0	0	137.6	0	0	0	0	0	201	0	0	0	242913.8548
0	201	0	0	0	0	0	160.8	0	0	0	0	0	201	0	0	409301.3597
0	0	151	0	0	0	0	120.8	0	0	0	0	151	0	0	0	-142163.8735
0	0	151	0	0	0	0	0	144.8	0	0	0	0	151	0	0	61145.12216
0	0	0	181	0	0	0	0	120.8	0	0	0	0	0	181	0	214952.4014
0	0	0	181	0	0	0	0	0	144.8	0	0	0	0	0	181	393914.4527
0	236	0	0	0	0	184	0	0	0	0	147.2	0	0	0	0	601660.4481
0	236	0	0	0	0	184	0	0	0	0	0	170.4	0	0	0	821549.183
0	236	0	0	0	0	0	213	0	0	0	0	147.2	0	0	0	872814.2831
0	236	0	0	0	0	0	213	0	0	0	0	0	170.4	0	0	1105252.532
0	0	201	0	0	0	0	160.8	0	0	0	0	201	0	0	0	-59524.39857
0	0	201	0	0	0	0	0	183.2	0	0	0	0	201	0	0	248904.784
0	0	0	229	0	0	0	0	160.8	0	0	0	0	0	229	0	488245.5085
0	0	0	229	0	0	0	0	0	183.2	0	0	0	0	0	229	759617.9471
0	0	0	0	158	0	0	0	0	126.4	0	0	0	0	158	0	-99455.10108
0	0	0	0	0	188	0	0	0	0	126.4	0	0	0	0	0	56478.91634
0	0	0	0	158	0	0	0	0	0	150.4	0	0	0	0	158	-41160.61804
0	0	0	0	0	188	0	0	0	0	0	150.4	0	0	0	0	107828.8217
0	184.8	0	0	0	0	178	0	0	0	0	142.4	0	0	0	0	275902.0068
0	184.8	0	0	0	0	0	207	0	0	0	0	142.4	0	0	0	384591.8903
0	184.8	0	0	0	0	178	0	0	0	0	0	165.6	0	0	0	349840.3755
0	184.8	0	0	0	0	0	207	0	0	0	0	0	165.6	0	0	465829.3164
0	175.2	0	0	0	0	165	0	0	0	0	132	0	0	0	0	195071.6023
0	175.2	0	0	0	0	0	195	0	0	0	0	132	0	0	0	280993.909
0	175.2	0	0	0	0	165	0	0	0	0	0	156	0	0	0	253150.4826
0	175.2	0	0	0	0	0	195	0	0	0	0	0	156	0	0	345436.5121
0	0	0	0	172	0	0	0	0	137.6	0	0	0	0	172	0	-126224.1531
0	0	0	0	172	0	0	0	0	0	160.8	0	0	0	0	172	3095.620766
0	0	0	0	0	201	0	0	0	0	137.6	0	0	0	0	0	101535.0822
0	0	0	0	0	201	0	0	0	0	0	160.8	0	0	0	0	209819.8853
0	196	0	0	0	0	156.8	0	0	0	0	196	0	0	0	0	-16054.6905
0	0	224	0	0	0	0	156.8	0	0	0	0	0	224	0	0	146699.9572
0	196	0	0	0	0	0	179.2	0	0	0	0	196	0	0	0	44679.83925
0	0	224	0	0	0	0	0	179.2	0	0	0	0	0	224	0	200193.4438
0	0	178	0	0	0	0	142.4	0	0	0	0	178	0	0	0	-41480.13156
0	0	178	0	0	0	0	0	165.6	0	0	0	0	178	0	0	51842.05756
0	0	0	207	0	0	0	0	142.4	0	0	0	0	0	207	0	123103.4787
0	0	0	207	0	0	0	0	0	165.6	0	0	0	0	0	207	205224.9481
0	175.2	0	0	0	0	190	0	0	0	0	152	0	0	0	0	168244.9823
0	0	193.6	0	0	0	0	0	219	0	0	0	0	152	0	0	209325.5139
0	190	0	0	0	0	0	175.2	0	0	0	0	190	0	0	0	30582.18771
0	219	0	0	0	0	0	175.2	0	0	0	0	0	219	0	0	162164.6546
0	0	201	0	0	0	0	160.8	0	0	0	0	201	0	0	0	-10532.76767
0	0	201	0	0	0	0	0	183.2	0	0	0	0	201	0	0	33785.37267
0	0	0	229	0	0	0	0	160.8	0	0	0	0	0	229	0	67976.90474
0	0	0	229	0	0	0	0	0	183.2	0	0	0	0	0	229	106968.7199
0	172	0	0	0	0	137.6	0	0	0	0	172	0	0	0	0	-59814.5372
0	172	0	0	0	0	0	160.8	0	0	0	0	172	0	0	0	73477.01239
0	0	201	0	0	0	0	137.6	0	0	0	0	0	201	0	0	175516.882
0	0	201	0	0	0	0	0	160.8	0	0	0	0	0	201	0	292822.043
0	158	0	0	0	0	126.4	0	0	0	0	158	0	0	0	0	-140765.7618
0	158	0	0	0	0	0	150.4	0	0	0	0	158	0	0	0	94949.28441
0	0	188	0	0	0	0	126.4	0	0	0	0	0	188	0	0	274058.2351
0	0	188	0	0	0	0	0	150.4	0	0	0	0	0	188	0	481529.7358
0	0	0	0	172	0	0	0	0	137.6	0	0	0	0	172	0	-54591.52834
0	0	0	0	0	201	0	0	0	0	137.6	0	0	0	0	0	49412.08939
0	0	0	0	172	0	0	0	0	0	160.8	0	0	0	0	172	-15739.13702
0	0	0	0	0	201	0	0	0	0	0	160.8	0	0	0	0	83634.52911
0	197.6	0	0	0	0	196	0	0	0	0	156.8	0	0	0	0	603012.1748
0	197.6	0	0	0	0	0	224	0	0	0	0	156.8	0	0	0	812527.8069
0	197.6	0	0	0	0	196	0	0	0	0	0	179.2	0	0	0	745929.4144
0	197.6	0	0	0	0	0	224	0	0	0	0	0	179.2	0	0	967856.6875
0	144.8	0	0	0	0	151	0	0	0	0	120.8	0	0	0	0	353510.2213
0	0	164	0	0	0	0	0	181	0	0	0	0	120.8	0	0	484450.4289
0	151	0	0	0	0	0	144.8	0	0	0	0	151	0	0	0	-20715.95604
0	181	0	0	0	0	0	144.8	0	0	0	0	0	181	0	0	341371.6307
0	0	0	151	0	0	0	0	120.8	0	0	0	0	151	0	0	-131808.4023
0	0	0	0	181	0	0	0	0	120.8	0	0	0	0	0	181	116077.336
0	0	0	151	0	0	0	0	0	144.8	0	0	0	0	151	0	-38944.66659
0	0	0	0	181	0	0	0	0	0	144.8	0	0	0	0	0	197875.962
0	156	0	0	0	0	165	0	0	0	0	132	0	0	0	0	256261.4257
0	0	175.2	0	0	0	0	0	195	0	0	0	0	132	0	0	337911.0575
0	165	0	0	0	0	0	156	0	0	0	0	165	0	0	0	11275.2153
0	195	0	0	0	0	0	156	0	0	0	0	0	195	0	0	248301.7426
0	150.4	0	0	0	0	158	0	0	0	0	126.4	0	0	0	0	289817.6624
0	0	169.6	0	0	0	0	0	188	0	0	0	0	126.4	0	0	389023.4234
0	158	0	0	0	0	0	150.4	0	0	0	0	158	0	0	0	-849.6014002
0	188	0	0	0	0	0	150.4	0	0	0	0	0	188	0	0	280381.3399
0	184	0	0	0	0	147.2	0	0	0	0	184	0	0	0	0	-15852.61162
0	0	213	0	0	0	0	147.2	0	0	0	0	0	213	0	0	62561.61832
0	184	0	0	0	0	0	170.4	0	0	0	0	184	0	0	0	13475.64699
0	0	213	0	0	0	0	0	170.4	0	0	0	0	0	213	0	88392.672
0	0	0	190	0	0	0	0	152	0	0	0	0	190	0	0	-34968.60954
0	0	0	0	219	0	0	0	0	152	0	0	0	0	0	219	105290.3875
0	0	0	190	0	0	0	0	0	175.2	0	0	0	0	190	0	17477.59374
0	0	0	0	219	0	0	0	0	0	175.2	0	0	0	0	0	151482.0005
0	0	0	0	196	0	0	0	0	156.8	0	0	0	0	196	0	-44359.50442
0	0	0	0	0	224	0	0	0	0	156.8	0	0	0	0	0	70044.8838
0	0	0	0	196	0	0	0	0	0	179.2	0	0	0	0	196	-1591.82041
0	0	0	0	0	224	0	0	0	0	0	179.2	0	0	0	0	107711.6118
0	170.4	0	0	0	0	184	0	0	0	0	147.2	0	0	0	0	606097.3827
0	0	188.8	0	0	0	0	0	213	0	0	0	0	147.2	0	0	767583.2629
0	184	0	0	0	0	0	170.4	0	0	0	0	184	0	0	0	82778.97437
0	213	0	0	0	0	0	170.4	0	0	0	0	0	213	0	0	585046.8067
0	206	0	0	0	0	164.8	0	0	0	0	206	0	0	0	0	-22611.81251
0	206	0	0	0	0	0	187.2	0	0	0	0	206	0	0	0	101542.7346
0	0	234	0	0	0	0	164.8	0	0	0	0	0	234	0	0	197529.7675
0	0	234	0	0	0	0	0	187.2	0	0	0	0	0	234	0	306758.8155
0	219	0	0	0	0	190	0	0	0	0	152	0	0	0	0	638058.7972
0	0	242	0	0	0	0	190	0	0	0	0	0	175.2	0	0	799839.9246
0	219	0	0	0	0	152	0	0	0	0	0	219	0	0	0	505754.8502
0	219	0	0	0	0	0	175.2	0	0	0	0	0	219	0	0	799458.4612
0	219	0	0	0	0	165	0	0	0	0	132	0	0	0	0	102749.7026
0	219	0	0	0	0	165	0	0	0	0	0	156	0	0	0	146533.671
0	219	0	0	0	0	0	195	0	0	0	0	132	0	0	0	156229.5957
0	219	0	0	0	0	0	195	0	0	0	0	0	156	0	0	202954.0972
0	165	0	0	0	0	132	0	0	0	0	165	0	0	0	0	-30147.45786
0	0	195	0	0	0	0	132	0	0	0	0	0	195	0	0	73504.03432
0	165	0	0	0	0	0	156	0	0	0	0	165	0	0	0	8587.379672
0	0	195	0	0	0	0	0	156	0	0	0	0	0	195	0	107623.6653
0	0	196	0	0	0	0	156.8	0	0	0	0	196	0	0	0	-68141.28613
0	0	196	0	0	0	0	0	179.2	0	0	0	0	196	0	0	174286.1319
0	0	0	224	0	0	0	0	156.8	0	0	0	0	0	224	0	360911.2232
0	0	0	224	0	0	0	0	0	179.2	0	0	0	0	0	224	574211.1344
0	158	0	0	0	0	126.4	0	0	0	0	158	0	0	0	0	-34333.11263
0	158	0	0	0	0	0	150.4	0	0	0	0	158	0	0	0	23158.36205
0	0	188	0	0	0	0	126.4	0	0	0	0	0	188	0	0	66843.47198
0	0	188	0	0	0	0	0	150.4	0	0	0	0	0	188	0	117446.277
0	156	0	0	0	0	165	0	0	0	0	132	0	0	0	0	444692.2987
0	0	175.2	0	0	0	0	0	195	0	0	0	0	132	0	0	580277.3367
0	165	0	0	0	0	0	156	0	0	0	0	165	0	0	0	31773.30479
0	195	0	0	0	0	0	156	0	0	0	0	0	195	0	0	429570.7616
0	160.8	0	0	0	0	172	0	0	0	0	137.6	0	0	0	0	288143.692
0	0	180	0	0	0	0	0	201	0	0	0	0	137.6	0	0	372881.9348
0	172	0	0	0	0	0	160.8	0	0	0	0	172	0	0	0	22828.90935
0	201	0	0	0	0	0	160.8	0	0	0	0	0	201	0	0	277369.4613
0	0	201	0	0	0	0	160.8	0	0	0	0	201	0	0	0	-70720.01147
0	0	201	0	0	0	0	0	183.2	0	0	0	0	201	0	0	226844.6451
0	0	0	229	0	0	0	0	160.8	0	0	0	0	0	229	0	456416.3604
0	0	0	229	0	0	0	0	0	183.2	0	0	0	0	0	229	718218.5482
0	0	0	0	151	0	0	0	0	120.8	0	0	0	0	151	0	-55200.57381
0	0	0	0	151	0	0	0	0	0	144.8	0	0	0	0	151	-9667.765952
0	0	0	0	0	181	0	0	0	0	120.8	0	0	0	0	0	24778.70441
0	0	0	0	0	181	0	0	0	0	0	144.8	0	0	0	0	64858.8035
0	0	0	184	0	0	0	0	147.2	0	0	0	0	184	0	0	-74391.9301
0	0	0	184	0	0	0	0	0	170.4	0	0	0	0	184	0	80958.37181
0	0	0	0	213	0	0	0	0	147.2	0	0	0	0	0	213	200623.9296
0	0	0	0	213	0	0	0	0	0	170.4	0	0	0	0	0	337327.2981
0	0	0	0	158	0	0	0	0	126.4	0	0	0	0	158	0	-26078.73301
0	0	0	0	158	0	0	0	0	0	150.4	0	0	0	0	158	-2613.648646
0	0	0	0	0	188	0	0	0	0	126.4	0	0	0	0	0	15216.3826
0	0	0	0	0	188	0	0	0	0	0	150.4	0	0	0	0	35869.86375
0	0	0	0	172	0	0	0	0	137.6	0	0	0	0	172	0	-209267.5253
0	0	0	0	0	201	0	0	0	0	137.6	0	0	0	0	0	189413.0093
0	0	0	0	172	0	0	0	0	0	160.8	0	0	0	0	172	-60333.35857
0	0	0	0	0	201	0	0	0	0	0	160.8	0	0	0	0	320599.0283
0	0	158	0	0	0	0	126.4	0	0	0	0	158	0	0	0	-137857.8446
0	0	158	0	0	0	0	0	150.4	0	0	0	0	158	0	0	72865.23519
0	0	0	188	0	0	0	0	126.4	0	0	0	0	0	188	0	232091.3368
0	0	0	188	0	0	0	0	0	150.4	0	0	0	0	0	188	417557.5081
0	252	0	0	0	0	201	0	0	0	0	160.8	0	0	0	0	582026.9356
0	252	0	0	0	0	201	0	0	0	0	0	183.2	0	0	0	772279.3343
0	252	0	0	0	0	0	229	0	0	0	0	160.8	0	0	0	819431.6558
0	252	0	0	0	0	0	229	0	0	0	0	0	183.2	0	0	1018909.281
0	204.8	0	0	0	0	206	0	0	0	0	164.8	0	0	0	0	447712.6946
0	204.8	0	0	0	0	0	234	0	0	0	0	164.8	0	0	0	590509.402
0	204.8	0	0	0	0	206	0	0	0	0	0	187.2	0	0	0	544616.6467
0	204.8	0	0	0	0	0	234	0	0	0	0	0	187.2	0	0	695581.4212
0	178	0	0	0	0	142.4	0	0	0	0	178	0	0	0	0	-13158.50014
0	0	207	0	0	0	0	142.4	0	0	0	0	0	207	0	0	41510.9263
0	178	0	0	0	0	0	165.6	0	0	0	0	178	0	0	0	7294.134258
0	0	207	0	0	0	0	0	165.6	0	0	0	0	0	207	0	59525.01095
0	219	0	0	0	0	165	0	0	0	0	132	0	0	0	0	178281.11
0	219	0	0	0	0	165	0	0	0	0	0	156	0	0	0	257528.5006
0	219	0	0	0	0	0	195	0	0	0	0	132	0	0	0	274981.165
0	219	0	0	0	0	0	195	0	0	0	0	0	156	0	0	359492.9757
0	188.8	0	0	0	0	184	0	0	0	0	147.2	0	0	0	0	157671.0219
0	188.8	0	0	0	0	0	213	0	0	0	0	147.2	0	0	0	215300.8419
0	188.8	0	0	0	0	184	0	0	0	0	0	170.4	0	0	0	196655.9484
0	188.8	0	0	0	0	0	213	0	0	0	0	0	170.4	0	0	258092.382
0	229	0	0	0	0	201	0	0	0	0	160.8	0	0	0	0	198064.1663
0	0	252	0	0	0	0	201	0	0	0	0	0	183.2	0	0	246061.1056
0	229	0	0	0	0	160.8	0	0	0	0	0	229	0	0	0	158385.9943
0	229	0	0	0	0	0	183.2	0	0	0	0	0	229	0	0	247669.4527
0	158	0	0	0	0	126.4	0	0	0	0	158	0	0	0	0	-99566.02662
0	158	0	0	0	0	0	150.4	0	0	0	0	158	0	0	0	67159.24995
0	0	188	0	0	0	0	126.4	0	0	0	0	0	188	0	0	193846.0688
0	0	188	0	0	0	0	0	150.4	0	0	0	0	0	188	0	340594.2033
0	225	0	0	0	0	172	0	0	0	0	137.6	0	0	0	0	166203.9155
0	225	0	0	0	0	172	0	0	0	0	0	160.8	0	0	0	232460.002
0	225	0	0	0	0	0	201	0	0	0	0	137.6	0	0	0	247854.794
0	225	0	0	0	0	0	201	0	0	0	0	0	160.8	0	0	318193.4823
0	0	172	0	0	0	0	137.6	0	0	0	0	172	0	0	0	-101352.0226
0	0	0	201	0	0	0	0	137.6	0	0	0	0	0	201	0	295560.4506
0	0	172	0	0	0	0	0	160.8	0	0	0	0	172	0	0	46921.65352
0	0	0	201	0	0	0	0	0	160.8	0	0	0	0	0	201	426164.688
0	201	0	0	0	0	160.8	0	0	0	0	201	0	0	0	0	-24062.6401
0	0	229	0	0	0	0	160.8	0	0	0	0	0	229	0	0	202087.6633
0	201	0	0	0	0	0	183.2	0	0	0	0	201	0	0	0	60462.81098
0	0	229	0	0	0	0	0	183.2	0	0	0	0	0	229	0	276530.7675
0	187.2	0	0	0	0	206	0	0	0	0	164.8	0	0	0	0	203209.8559
0	0	204.8	0	0	0	0	0	234	0	0	0	0	164.8	0	0	248995.9386
0	206	0	0	0	0	0	187.2	0	0	0	0	206	0	0	0	42849.69427
0	234	0	0	0	0	0	187.2	0	0	0	0	0	234	0	0	195739.0321
0	0	0	0	190	0	0	0	0	152	0	0	0	0	190	0	-28645.1513
0	0	0	0	190	0	0	0	0	0	175.2	0	0	0	0	190	8704.592903
0	0	0	0	0	219	0	0	0	0	152	0	0	0	0	0	37391.99065
0	0	0	0	0	219	0	0	0	0	0	175.2	0	0	0	0	68636.25549
0	206	0	0	0	0	164.8	0	0	0	0	206	0	0	0	0	-32873.7087
0	206	0	0	0	0	0	187.2	0	0	0	0	206	0	0	0	207133.8773
0	0	234	0	0	0	0	164.8	0	0	0	0	0	234	0	0	393775.3302
0	0	234	0	0	0	0	0	187.2	0	0	0	0	0	234	0	604938.8087
0	0	0	0	206	0	0	0	0	164.8	0	0	0	0	206	0	-149452.89
0	0	0	0	206	0	0	0	0	0	187.2	0	0	0	0	206	113636.5698
0	0	0	0	0	234	0	0	0	0	164.8	0	0	0	0	0	318227.599
0	0	0	0	0	234	0	0	0	0	0	187.2	0	0	0	0	549698.9722
0	0	206	0	0	0	0	164.8	0	0	0	0	206	0	0	0	-6761.458449
0	0	206	0	0	0	0	0	187.2	0	0	0	0	206	0	0	38099.77258
0	0	0	234	0	0	0	0	164.8	0	0	0	0	0	234	0	72986.02546
0	0	0	234	0	0	0	0	0	187.2	0	0	0	0	0	234	112455.8345
0	219	0	0	0	0	165	0	0	0	0	132	0	0	0	0	328799.0484
0	219	0	0	0	0	165	0	0	0	0	0	156	0	0	0	468907.7473
0	219	0	0	0	0	0	195	0	0	0	0	132	0	0	0	499934.7062
0	219	0	0	0	0	0	195	0	0	0	0	0	156	0	0	649453.1111
0	0	178	0	0	0	0	142.4	0	0	0	0	178	0	0	0	-13080.70924
0	0	0	207	0	0	0	0	142.4	0	0	0	0	0	207	0	47951.70323
0	0	178	0	0	0	0	0	165.6	0	0	0	0	178	0	0	9712.558778
0	0	0	207	0	0	0	0	0	165.6	0	0	0	0	0	207	68028.40756
0	0	0	0	172	0	0	0	0	137.6	0	0	0	0	172	0	-150498.0287
0	0	0	0	172	0	0	0	0	0	160.8	0	0	0	0	172	3690.932452
0	0	0	0	0	201	0	0	0	0	137.6	0	0	0	0	0	121061.0595
0	0	0	0	0	201	0	0	0	0	0	160.8	0	0	0	0	250169.8632
0	0	172	0	0	0	0	137.6	0	0	0	0	172	0	0	0	-15202.80338
0	0	0	201	0	0	0	0	137.6	0	0	0	0	0	201	0	44334.06759
0	0	172	0	0	0	0	0	160.8	0	0	0	0	172	0	0	7038.248028
0	0	0	201	0	0	0	0	0	160.8	0	0	0	0	0	201	63924.7032
0	151	0	0	0	0	120.8	0	0	0	0	151	0	0	0	0	-28358.94094
0	151	0	0	0	0	0	144.8	0	0	0	0	151	0	0	0	10904.01749
0	0	181	0	0	0	0	120.8	0	0	0	0	0	181	0	0	40442.90267
0	0	181	0	0	0	0	0	144.8	0	0	0	0	0	181	0	75002.50945
0	183.2	0	0	0	0	201	0	0	0	0	160.8	0	0	0	0	234026.3846
0	0	201.6	0	0	0	0	0	229	0	0	0	0	160.8	0	0	286194.4545
0	201	0	0	0	0	0	183.2	0	0	0	0	201	0	0	0	50243.89133
0	229	0	0	0	0	0	183.2	0	0	0	0	0	229	0	0	224662.6663
0	252	0	0	0	0	201	0	0	0	0	160.8	0	0	0	0	649318.3124
0	252	0	0	0	0	201	0	0	0	0	0	183.2	0	0	0	869417.8106
0	252	0	0	0	0	0	229	0	0	0	0	160.8	0	0	0	923642.9803
0	252	0	0	0	0	0	229	0	0	0	0	0	183.2	0	0	1154265.838
0	201	0	0	0	0	160.8	0	0	0	0	201	0	0	0	0	-17459.33362
0	0	229	0	0	0	0	160.8	0	0	0	0	0	229	0	0	231339.9737
0	201	0	0	0	0	0	183.2	0	0	0	0	201	0	0	0	75365.837
0	0	229	0	0	0	0	0	183.2	0	0	0	0	0	229	0	313097.1431
0	0	0	184	0	0	0	0	147.2	0	0	0	0	184	0	0	-113445.4262
0	0	0	184	0	0	0	0	0	170.4	0	0	0	0	184	0	104179.2076
0	0	0	0	213	0	0	0	0	147.2	0	0	0	0	0	213	270856.2345
0	0	0	0	213	0	0	0	0	0	170.4	0	0	0	0	0	462350.93
0	0	178	0	0	0	0	142.4	0	0	0	0	178	0	0	0	-15260.82745
0	0	0	207	0	0	0	0	142.4	0	0	0	0	0	207	0	55943.65377
0	0	178	0	0	0	0	0	165.6	0	0	0	0	178	0	0	11331.31857
0	0	0	207	0	0	0	0	0	165.6	0	0	0	0	0	207	79366.47549
0	229	0	0	0	0	201	0	0	0	0	160.8	0	0	0	0	240506.4877
0	0	252	0	0	0	0	201	0	0	0	0	0	183.2	0	0	298788.4854
0	229	0	0	0	0	160.8	0	0	0	0	0	229	0	0	0	192325.8502
0	229	0	0	0	0	0	183.2	0	0	0	0	0	229	0	0	300741.4783
0	0	0	190	0	0	0	0	152	0	0	0	0	190	0	0	-38418.39239
0	0	0	0	219	0	0	0	0	152	0	0	0	0	0	219	141086.7351
0	0	0	190	0	0	0	0	0	175.2	0	0	0	0	190	0	28584.50826
0	0	0	0	219	0	0	0	0	0	175.2	0	0	0	0	0	200102.1793
0	201	0	0	0	0	172	0	0	0	0	137.6	0	0	0	0	332679.8059
0	0	225	0	0	0	0	172	0	0	0	0	0	160.8	0	0	435916.8926
0	201	0	0	0	0	137.6	0	0	0	0	0	201	0	0	0	259666.5345
0	201	0	0	0	0	0	160.8	0	0	0	0	0	201	0	0	437529.0397
0	0	0	0	190	0	0	0	0	152	0	0	0	0	190	0	-141278.8425
0	0	0	0	0	219	0	0	0	0	152	0	0	0	0	0	222205.0605
0	0	0	0	190	0	0	0	0	0	175.2	0	0	0	0	190	-5603.186988
0	0	0	0	0	219	0	0	0	0	0	175.2	0	0	0	0	341706.7388
0	213	0	0	0	0	184	0	0	0	0	147.2	0	0	0	0	474308.5148
0	0	236	0	0	0	0	184	0	0	0	0	0	170.4	0	0	606618.8253
0	213	0	0	0	0	147.2	0	0	0	0	0	213	0	0	0	375634.769
0	213	0	0	0	0	0	170.4	0	0	0	0	0	213	0	0	610224.0052
0	172	0	0	0	0	137.6	0	0	0	0	172	0	0	0	0	-130504.4448
0	172	0	0	0	0	0	160.8	0	0	0	0	172	0	0	0	160313.4816
0	0	201	0	0	0	0	137.6	0	0	0	0	0	201	0	0	382945.9243
0	0	201	0	0	0	0	0	160.8	0	0	0	0	0	201	0	638884.4574
0	234	0	0	0	0	206	0	0	0	0	164.8	0	0	0	0	607515.7333
0	0	256	0	0	0	0	206	0	0	0	0	0	187.2	0	0	743468.5293
0	234	0	0	0	0	164.8	0	0	0	0	0	234	0	0	0	485302.5112
0	234	0	0	0	0	0	187.2	0	0	0	0	0	234	0	0	743525.2792
0	0	0	184	0	0	0	0	147.2	0	0	0	0	184	0	0	-127529.023
0	0	0	184	0	0	0	0	0	170.4	0	0	0	0	184	0	138785.7802
0	0	0	0	213	0	0	0	0	147.2	0	0	0	0	0	213	343926.7365
0	0	0	0	213	0	0	0	0	0	170.4	0	0	0	0	0	578275.3682
0	201.6	0	0	0	0	201	0	0	0	0	160.8	0	0	0	0	479948.5724
0	201.6	0	0	0	0	0	229	0	0	0	0	160.8	0	0	0	637063.9294
0	201.6	0	0	0	0	201	0	0	0	0	0	183.2	0	0	0	586914.9736
0	201.6	0	0	0	0	0	229	0	0	0	0	0	183.2	0	0	753214.058
0	150.4	0	0	0	0	158	0	0	0	0	126.4	0	0	0	0	203945.7624
0	0	169.6	0	0	0	0	0	188	0	0	0	0	126.4	0	0	273757.2239
0	158	0	0	0	0	0	150.4	0	0	0	0	158	0	0	0	-597.867652
0	188	0	0	0	0	0	150.4	0	0	0	0	0	188	0	0	197305.3874
0	195	0	0	0	0	165	0	0	0	0	132	0	0	0	0	109314.8625
0	0	219	0	0	0	0	165	0	0	0	0	0	156	0	0	146113.4166
0	195	0	0	0	0	132	0	0	0	0	0	195	0	0	0	85148.97629
0	195	0	0	0	0	0	156	0	0	0	0	0	195	0	0	146821.1283
0	0	0	178	0	0	0	0	142.4	0	0	0	0	178	0	0	-23487.60884
0	0	0	178	0	0	0	0	0	165.6	0	0	0	0	178	0	19872.92808
0	0	0	0	207	0	0	0	0	142.4	0	0	0	0	0	207	53172.65757
0	0	0	0	207	0	0	0	0	0	165.6	0	0	0	0	0	91330.59579
0	0	0	151	0	0	0	0	120.8	0	0	0	0	151	0	0	-97629.72848
0	0	0	0	181	0	0	0	0	120.8	0	0	0	0	0	181	98095.0239
0	0	0	151	0	0	0	0	0	144.8	0	0	0	0	151	0	-24431.10274
0	0	0	0	181	0	0	0	0	0	144.8	0	0	0	0	0	162575.0689
0	190	0	0	0	0	152	0	0	0	0	190	0	0	0	0	-49338.05702
0	0	219	0	0	0	0	152	0	0	0	0	0	219	0	0	248886.6336
0	190	0	0	0	0	0	175.2	0	0	0	0	190	0	0	0	62175.30808
0	0	219	0	0	0	0	0	175.2	0	0	0	0	0	219	0	347101.2208
0	0	0	0	151	0	0	0	0	120.8	0	0	0	0	151	0	-108683.628
0	0	0	0	151	0	0	0	0	0	144.8	0	0	0	0	151	-21690.03905
0	0	0	0	0	181	0	0	0	0	120.8	0	0	0	0	0	43758.25463
0	0	0	0	0	181	0	0	0	0	0	144.8	0	0	0	0	116698.2588
0	0	0	206	0	0	0	0	164.8	0	0	0	0	206	0	0	-28402.56735
0	0	0	0	234	0	0	0	0	164.8	0	0	0	0	0	234	203527.2809
0	0	0	206	0	0	0	0	0	187.2	0	0	0	0	206	0	58112.28841
0	0	0	0	234	0	0	0	0	0	187.2	0	0	0	0	0	279725.676
0	0	0	0	184	0	0	0	0	147.2	0	0	0	0	184	0	-34770.94417
0	0	0	0	184	0	0	0	0	0	170.4	0	0	0	0	184	6949.570349
0	0	0	0	0	213	0	0	0	0	147.2	0	0	0	0	0	38902.99032
0	0	0	0	0	213	0	0	0	0	0	170.4	0	0	0	0	73814.27813
0	0	0	0	158	0	0	0	0	126.4	0	0	0	0	158	0	-109530.6786
0	0	0	0	158	0	0	0	0	0	150.4	0	0	0	0	158	-10977.32431
0	0	0	0	0	188	0	0	0	0	126.4	0	0	0	0	0	63908.80691
0	0	0	0	0	188	0	0	0	0	0	150.4	0	0	0	0	150653.4278
0	188	0	0	0	0	158	0	0	0	0	126.4	0	0	0	0	416267.5421
0	0	212	0	0	0	0	158	0	0	0	0	0	150.4	0	0	559905.8554
0	188	0	0	0	0	126.4	0	0	0	0	0	188	0	0	0	318847.7557
0	188	0	0	0	0	0	150.4	0	0	0	0	0	188	0	0	557085.7618
0	247	0	0	0	0	196	0	0	0	0	156.8	0	0	0	0	585701.6933
0	247	0	0	0	0	196	0	0	0	0	0	179.2	0	0	0	782597.7117
0	247	0	0	0	0	0	224	0	0	0	0	156.8	0	0	0	830972.4288
0	247	0	0	0	0	0	224	0	0	0	0	0	179.2	0	0	1037742.626
0	205	0	0	0	0	151	0	0	0	0	120.8	0	0	0	0	51479.18597
0	205	0	0	0	0	151	0	0	0	0	0	144.8	0	0	0	76601.9669
0	205	0	0	0	0	0	181	0	0	0	0	120.8	0	0	0	81965.43348
0	205	0	0	0	0	0	181	0	0	0	0	0	144.8	0	0	108927.6109
0	188	0	0	0	0	158	0	0	0	0	126.4	0	0	0	0	85145.63361
0	0	212	0	0	0	0	158	0	0	0	0	0	150.4	0	0	114526.1977
0	188	0	0	0	0	126.4	0	0	0	0	0	188	0	0	0	65218.85912
0	188	0	0	0	0	0	150.4	0	0	0	0	0	188	0	0	113949.3604
0	180	0	0	0	0	172	0	0	0	0	137.6	0	0	0	0	114627.6285
0	180	0	0	0	0	0	201	0	0	0	0	137.6	0	0	0	160184.5727
0	180	0	0	0	0	172	0	0	0	0	0	160.8	0	0	0	145524.5974
0	180	0	0	0	0	0	201	0	0	0	0	0	160.8	0	0	194261.4503
0	144.8	0	0	0	0	151	0	0	0	0	120.8	0	0	0	0	108017.0121
0	0	164	0	0	0	0	0	181	0	0	0	0	120.8	0	0	148026.5199
0	151	0	0	0	0	0	144.8	0	0	0	0	151	0	0	0	-6329.875458
0	181	0	0	0	0	0	144.8	0	0	0	0	0	181	0	0	104307.9983
0	206	0	0	0	0	164.8	0	0	0	0	206	0	0	0	0	-9605.870544
0	0	234	0	0	0	0	164.8	0	0	0	0	0	234	0	0	111655.1679
0	206	0	0	0	0	0	187.2	0	0	0	0	206	0	0	0	35708.07856
0	0	234	0	0	0	0	0	187.2	0	0	0	0	0	234	0	151563.5291
0	0	0	158	0	0	0	0	126.4	0	0	0	0	158	0	0	-95935.25313
0	0	0	0	188	0	0	0	0	126.4	0	0	0	0	0	188	106948.4281
0	0	0	158	0	0	0	0	0	150.4	0	0	0	0	158	0	-19959.15599
0	0	0	0	188	0	0	0	0	0	150.4	0	0	0	0	0	173870.0617
0	207	0	0	0	0	178	0	0	0	0	142.4	0	0	0	0	114466.8172
0	0	231	0	0	0	0	178	0	0	0	0	0	165.6	0	0	148074.3546
0	207	0	0	0	0	142.4	0	0	0	0	0	207	0	0	0	90040.00282
0	207	0	0	0	0	0	165.6	0	0	0	0	0	207	0	0	148803.0468
0	164	0	0	0	0	151	0	0	0	0	120.8	0	0	0	0	199802.9722
0	164	0	0	0	0	0	181	0	0	0	0	120.8	0	0	0	296292.0495
0	164	0	0	0	0	151	0	0	0	0	0	144.8	0	0	0	264745.9792
0	164	0	0	0	0	0	181	0	0	0	0	0	144.8	0	0	368943.2437
0	205	0	0	0	0	151	0	0	0	0	120.8	0	0	0	0	189427.9448
0	205	0	0	0	0	151	0	0	0	0	0	144.8	0	0	0	286249.3453
0	205	0	0	0	0	0	181	0	0	0	0	120.8	0	0	0	306809.3006
0	205	0	0	0	0	0	181	0	0	0	0	0	144.8	0	0	410647.872
0	169.6	0	0	0	0	158	0	0	0	0	126.4	0	0	0	0	480379.0837
0	169.6	0	0	0	0	0	188	0	0	0	0	126.4	0	0	0	697177.4508
0	169.6	0	0	0	0	158	0	0	0	0	0	150.4	0	0	0	626444.1039
0	169.6	0	0	0	0	0	188	0	0	0	0	0	150.4	0	0	859991.7646
0	219	0	0	0	0	165	0	0	0	0	132	0	0	0	0	257517.1588
0	219	0	0	0	0	165	0	0	0	0	0	156	0	0	0	371985.612
0	219	0	0	0	0	0	195	0	0	0	0	132	0	0	0	397195.0161
0	219	0	0	0	0	0	195	0	0	0	0	0	156	0	0	519267.6315
0	0	0	0	151	0	0	0	0	120.8	0	0	0	0	151	0	-83923.28276
0	0	0	0	0	181	0	0	0	0	120.8	0	0	0	0	0	35372.58419
0	0	0	0	151	0	0	0	0	0	144.8	0	0	0	0	151	-39308.11063
0	0	0	0	0	181	0	0	0	0	0	144.8	0	0	0	0	74673.70875
0	231	0	0	0	0	178	0	0	0	0	142.4	0	0	0	0	479365.8683
0	231	0	0	0	0	178	0	0	0	0	0	165.6	0	0	0	669406.2625
0	231	0	0	0	0	0	207	0	0	0	0	142.4	0	0	0	713873.9447
0	231	0	0	0	0	0	207	0	0	0	0	0	165.6	0	0	915049.7036
0	0	0	0	172	0	0	0	0	137.6	0	0	0	0	172	0	-95535.17459
0	0	0	0	0	201	0	0	0	0	137.6	0	0	0	0	0	86471.15644
0	0	0	0	172	0	0	0	0	0	160.8	0	0	0	0	172	-27543.48978
0	0	0	0	0	201	0	0	0	0	0	160.8	0	0	0	0	146360.4259
0	178	0	0	0	0	142.4	0	0	0	0	178	0	0	0	0	-80390.86195
0	178	0	0	0	0	0	165.6	0	0	0	0	178	0	0	0	106836.78
0	0	207	0	0	0	0	142.4	0	0	0	0	0	207	0	0	249805.006
0	0	207	0	0	0	0	0	165.6	0	0	0	0	0	207	0	414561.204
0	178	0	0	0	0	142.4	0	0	0	0	178	0	0	0	0	-89537.52324
0	0	207	0	0	0	0	142.4	0	0	0	0	0	207	0	0	345827.019
0	178	0	0	0	0	0	165.6	0	0	0	0	178	0	0	0	73054.45528
0	0	207	0	0	0	0	0	165.6	0	0	0	0	0	207	0	489040.8433
0	252	0	0	0	0	201	0	0	0	0	160.8	0	0	0	0	98809.3084
0	252	0	0	0	0	201	0	0	0	0	0	183.2	0	0	0	132302.7103
0	252	0	0	0	0	0	229	0	0	0	0	160.8	0	0	0	140554.3666
0	252	0	0	0	0	0	229	0	0	0	0	0	183.2	0	0	175649.1492
0	213	0	0	0	0	184	0	0	0	0	147.2	0	0	0	0	527789.5407
0	0	236	0	0	0	0	184	0	0	0	0	0	170.4	0	0	668126.5629
0	213	0	0	0	0	147.2	0	0	0	0	0	213	0	0	0	415854.7407
0	213	0	0	0	0	0	170.4	0	0	0	0	0	213	0	0	667055.9977
0	0	0	0	178	0	0	0	0	142.4	0	0	0	0	178	0	-196726.0292
0	0	0	0	178	0	0	0	0	0	165.6	0	0	0	0	178	31220.71866
0	0	0	0	0	207	0	0	0	0	142.4	0	0	0	0	0	206277.7078
0	0	0	0	0	207	0	0	0	0	0	165.6	0	0	0	0	406874.3456
0	0	0	184	0	0	0	0	147.2	0	0	0	0	184	0	0	-63764.51151
0	0	0	184	0	0	0	0	0	170.4	0	0	0	0	184	0	69392.89012
0	0	0	0	213	0	0	0	0	147.2	0	0	0	0	0	213	171963.3682
0	0	0	0	213	0	0	0	0	0	170.4	0	0	0	0	0	289137.6841
0	0	0	178	0	0	0	0	142.4	0	0	0	0	178	0	0	-134181.2952
0	0	0	0	207	0	0	0	0	142.4	0	0	0	0	0	207	322135.8073
0	0	0	178	0	0	0	0	0	165.6	0	0	0	0	178	0	36235.66189
0	0	0	0	207	0	0	0	0	0	165.6	0	0	0	0	0	472242.0079
0	0	0	0	165	0	0	0	0	132	0	0	0	0	165	0	-97413.9373
0	0	0	0	165	0	0	0	0	0	156	0	0	0	0	165	-5073.153014
0	0	0	0	0	195	0	0	0	0	132	0	0	0	0	0	64986.79076
0	0	0	0	0	195	0	0	0	0	0	156	0	0	0	0	142340.419
0	242	0	0	0	0	190	0	0	0	0	152	0	0	0	0	543703.7322
0	242	0	0	0	0	190	0	0	0	0	0	175.2	0	0	0	734886.1889
0	242	0	0	0	0	0	219	0	0	0	0	152	0	0	0	780004.9583
0	242	0	0	0	0	0	219	0	0	0	0	0	175.2	0	0	981686.9244
0	158	0	0	0	0	126.4	0	0	0	0	158	0	0	0	0	-75532.84778
0	158	0	0	0	0	0	150.4	0	0	0	0	158	0	0	0	50948.39651
0	0	188	0	0	0	0	126.4	0	0	0	0	0	188	0	0	147055.6384
0	0	188	0	0	0	0	0	150.4	0	0	0	0	0	188	0	258381.8094
0	0	0	0	172	0	0	0	0	137.6	0	0	0	0	172	0	-86436.58653
0	0	0	0	0	201	0	0	0	0	137.6	0	0	0	0	0	78235.80821
0	0	0	0	172	0	0	0	0	0	160.8	0	0	0	0	172	-24920.30028
0	0	0	0	0	201	0	0	0	0	0	160.8	0	0	0	0	132421.3378
0	0	0	0	172	0	0	0	0	137.6	0	0	0	0	172	0	-228467.3772
0	0	0	0	0	201	0	0	0	0	137.6	0	0	0	0	0	180734.3188
0	0	0	0	172	0	0	0	0	0	160.8	0	0	0	0	172	-75337.06349
0	0	0	0	0	201	0	0	0	0	0	160.8	0	0	0	0	315609.3531
0	212	0	0	0	0	158	0	0	0	0	126.4	0	0	0	0	63491.76298
0	212	0	0	0	0	158	0	0	0	0	0	150.4	0	0	0	93634.66921
0	212	0	0	0	0	0	188	0	0	0	0	126.4	0	0	0	100156.9317
0	212	0	0	0	0	0	188	0	0	0	0	0	150.4	0	0	132391.3055
0	0	0	0	151	0	0	0	0	120.8	0	0	0	0	151	0	-195820.9931
0	0	0	0	0	181	0	0	0	0	120.8	0	0	0	0	0	82536.02978
0	0	0	0	151	0	0	0	0	0	144.8	0	0	0	0	151	-91718.9248
0	0	0	0	0	181	0	0	0	0	0	144.8	0	0	0	0	174238.6537
0	0	178	0	0	0	0	142.4	0	0	0	0	178	0	0	0	-15285.91642
0	0	0	207	0	0	0	0	142.4	0	0	0	0	0	207	0	46025.58987
0	0	178	0	0	0	0	0	165.6	0	0	0	0	178	0	0	7651.617486
0	0	0	207	0	0	0	0	0	165.6	0	0	0	0	0	207	66228.30162
0	201	0	0	0	0	160.8	0	0	0	0	201	0	0	0	0	-68207.41673
0	201	0	0	0	0	0	183.2	0	0	0	0	201	0	0	0	236638.0771
0	0	229	0	0	0	0	160.8	0	0	0	0	0	229	0	0	471826.9727
0	0	229	0	0	0	0	0	183.2	0	0	0	0	0	229	0	740034.9587
0	0	0	0	165	0	0	0	0	132	0	0	0	0	165	0	-137520.203
0	0	0	0	165	0	0	0	0	0	156	0	0	0	0	165	-2203.120169
0	0	0	0	0	195	0	0	0	0	132	0	0	0	0	0	101043.1128
0	0	0	0	0	195	0	0	0	0	0	156	0	0	0	0	220137.8242
0	0	0	184	0	0	0	0	147.2	0	0	0	0	184	0	0	-58450.80222
0	0	0	184	0	0	0	0	0	170.4	0	0	0	0	184	0	63610.14928
0	0	0	0	213	0	0	0	0	147.2	0	0	0	0	0	213	157633.0875
0	0	0	0	213	0	0	0	0	0	170.4	0	0	0	0	0	265042.8771
0	187.2	0	0	0	0	206	0	0	0	0	164.8	0	0	0	0	364952.9444
0	0	204.8	0	0	0	0	0	234	0	0	0	0	164.8	0	0	443897.0516
0	206	0	0	0	0	0	187.2	0	0	0	0	206	0	0	0	83711.91513
0	234	0	0	0	0	0	187.2	0	0	0	0	0	234	0	0	350697.4653
0	0	158	0	0	0	0	126.4	0	0	0	0	158	0	0	0	-94953.77631
0	0	0	188	0	0	0	0	126.4	0	0	0	0	0	188	0	150447.2677
0	0	158	0	0	0	0	0	150.4	0	0	0	0	158	0	0	-3055.731852
0	0	0	188	0	0	0	0	0	150.4	0	0	0	0	0	188	231393.348
0	0	190	0	0	0	0	152	0	0	0	0	190	0	0	0	-16754.34935
0	0	0	219	0	0	0	0	152	0	0	0	0	0	219	0	79723.80362
0	0	190	0	0	0	0	0	175.2	0	0	0	0	190	0	0	19321.14619
0	0	0	219	0	0	0	0	0	175.2	0	0	0	0	0	219	111497.0346
0	0	0	158	0	0	0	0	126.4	0	0	0	0	158	0	0	-191870.5063
0	0	0	0	188	0	0	0	0	126.4	0	0	0	0	0	188	213896.8563
0	0	0	158	0	0	0	0	0	150.4	0	0	0	0	158	0	-39918.31198
0	0	0	0	188	0	0	0	0	0	150.4	0	0	0	0	0	347740.1235
0	0	0	0	184	0	0	0	0	147.2	0	0	0	0	184	0	-191780.0136
0	0	0	0	0	213	0	0	0	0	147.2	0	0	0	0	0	219708.7898
0	0	0	0	184	0	0	0	0	0	170.4	0	0	0	0	184	-37876.18705
0	0	0	0	0	213	0	0	0	0	0	170.4	0	0	0	0	355260.5816
0	0	190	0	0	0	0	152	0	0	0	0	190	0	0	0	-88459.04913
0	0	190	0	0	0	0	0	175.2	0	0	0	0	190	0	0	180328.9186
0	0	0	219	0	0	0	0	152	0	0	0	0	0	219	0	386778.1863
0	0	0	219	0	0	0	0	0	175.2	0	0	0	0	0	219	623281.082
0	0	151	0	0	0	0	120.8	0	0	0	0	151	0	0	0	-65614.09548
0	0	151	0	0	0	0	0	144.8	0	0	0	0	151	0	0	28220.82561
0	0	0	181	0	0	0	0	120.8	0	0	0	0	0	181	0	99208.80066
0	0	0	181	0	0	0	0	0	144.8	0	0	0	0	0	181	181806.6705
0	158	0	0	0	0	126.4	0	0	0	0	158	0	0	0	0	-117512.8149
0	0	188	0	0	0	0	126.4	0	0	0	0	0	188	0	0	224322.9641
0	158	0	0	0	0	0	150.4	0	0	0	0	158	0	0	0	10279.31379
0	0	188	0	0	0	0	0	150.4	0	0	0	0	0	188	0	336891.3133
0	150.4	0	0	0	0	158	0	0	0	0	126.4	0	0	0	0	472295.4498
0	0	169.6	0	0	0	0	0	188	0	0	0	0	126.4	0	0	633964.0974
0	158	0	0	0	0	0	150.4	0	0	0	0	158	0	0	0	-1384.535615
0	188	0	0	0	0	0	150.4	0	0	0	0	0	188	0	0	456917.7391
0	0	196	0	0	0	0	156.8	0	0	0	0	196	0	0	0	-71635.71106
0	0	196	0	0	0	0	0	179.2	0	0	0	0	196	0	0	183223.8823
0	0	0	224	0	0	0	0	156.8	0	0	0	0	0	224	0	379419.4911
0	0	0	224	0	0	0	0	0	179.2	0	0	0	0	0	224	603657.8593
0	201	0	0	0	0	160.8	0	0	0	0	201	0	0	0	0	-39782.49328
0	201	0	0	0	0	0	183.2	0	0	0	0	201	0	0	0	182475.3524
0	0	229	0	0	0	0	160.8	0	0	0	0	0	229	0	0	354947.2092
0	0	229	0	0	0	0	0	183.2	0	0	0	0	0	229	0	550501.5113
0	0	0	201	0	0	0	0	160.8	0	0	0	0	201	0	0	-67358.61153
0	0	0	0	229	0	0	0	0	160.8	0	0	0	0	0	229	377611.4302
0	0	0	201	0	0	0	0	0	183.2	0	0	0	0	201	0	98656.40066
0	0	0	0	229	0	0	0	0	0	183.2	0	0	0	0	0	523831.6566
0	0	172	0	0	0	0	137.6	0	0	0	0	172	0	0	0	-77855.7384
0	0	172	0	0	0	0	0	160.8	0	0	0	0	172	0	0	75897.01725
0	0	0	201	0	0	0	0	137.6	0	0	0	0	0	201	0	192935.1004
0	0	0	201	0	0	0	0	0	160.8	0	0	0	0	0	201	328241.6814
0	0	0	0	184	0	0	0	0	147.2	0	0	0	0	184	0	-145463.8088
0	0	0	0	0	213	0	0	0	0	147.2	0	0	0	0	0	191324.6002
0	0	0	0	184	0	0	0	0	0	170.4	0	0	0	0	184	-19720.23131
0	0	0	0	0	213	0	0	0	0	0	170.4	0	0	0	0	302079.9213
0	164	0	0	0	0	151	0	0	0	0	120.8	0	0	0	0	163986.792
0	164	0	0	0	0	0	181	0	0	0	0	120.8	0	0	0	246384.939
0	164	0	0	0	0	151	0	0	0	0	0	144.8	0	0	0	219570.7792
0	164	0	0	0	0	0	181	0	0	0	0	0	144.8	0	0	308495.8663
0	0	0	0	172	0	0	0	0	137.6	0	0	0	0	172	0	-204162.3371
0	0	0	0	0	201	0	0	0	0	137.6	0	0	0	0	0	161507.2636
0	0	0	0	172	0	0	0	0	0	160.8	0	0	0	0	172	-67322.48227
0	0	0	0	0	201	0	0	0	0	0	160.8	0	0	0	0	282033.89
0	0	196	0	0	0	0	156.8	0	0	0	0	196	0	0	0	-23363.70322
0	0	0	224	0	0	0	0	156.8	0	0	0	0	0	224	0	140363.2769
0	0	196	0	0	0	0	0	179.2	0	0	0	0	196	0	0	37842.19855
0	0	0	224	0	0	0	0	0	179.2	0	0	0	0	0	224	194269.073
0	0	0	0	206	0	0	0	0	164.8	0	0	0	0	206	0	-61894.52886
0	0	0	0	206	0	0	0	0	0	187.2	0	0	0	0	206	39452.56433
0	0	0	0	0	234	0	0	0	0	164.8	0	0	0	0	0	117806.5755
0	0	0	0	0	234	0	0	0	0	0	187.2	0	0	0	0	202520.9849
0	231	0	0	0	0	178	0	0	0	0	142.4	0	0	0	0	295168.3751
0	231	0	0	0	0	178	0	0	0	0	0	165.6	0	0	0	407644.4719
0	231	0	0	0	0	0	207	0	0	0	0	142.4	0	0	0	434113.3303
0	231	0	0	0	0	0	207	0	0	0	0	0	165.6	0	0	553259.698
0	180	0	0	0	0	172	0	0	0	0	137.6	0	0	0	0	496719.7236
0	180	0	0	0	0	0	201	0	0	0	0	137.6	0	0	0	694133.1482
0	180	0	0	0	0	172	0	0	0	0	0	160.8	0	0	0	630606.5888
0	180	0	0	0	0	0	201	0	0	0	0	0	160.8	0	0	841799.6182
0	0	0	196	0	0	0	0	156.8	0	0	0	0	196	0	0	-86331.66531
0	0	0	0	224	0	0	0	0	156.8	0	0	0	0	0	224	311509.5947
0	0	0	196	0	0	0	0	0	179.2	0	0	0	0	196	0	62392.95582
0	0	0	0	224	0	0	0	0	0	179.2	0	0	0	0	0	442495.6413
0	197.6	0	0	0	0	196	0	0	0	0	156.8	0	0	0	0	525702.9216
0	197.6	0	0	0	0	0	224	0	0	0	0	156.8	0	0	0	708357.5753
0	197.6	0	0	0	0	196	0	0	0	0	0	179.2	0	0	0	650297.4382
0	197.6	0	0	0	0	0	224	0	0	0	0	0	179.2	0	0	843772.4968
0	172	0	0	0	0	137.6	0	0	0	0	172	0	0	0	0	-110670.9101
0	172	0	0	0	0	0	160.8	0	0	0	0	172	0	0	0	114776.1861
0	0	201	0	0	0	0	137.6	0	0	0	0	0	201	0	0	286388.694
0	0	201	0	0	0	0	0	160.8	0	0	0	0	0	201	0	484788.2326
0	0	0	0	151	0	0	0	0	120.8	0	0	0	0	151	0	-179036.3366
0	0	0	0	0	181	0	0	0	0	120.8	0	0	0	0	0	75461.51294
0	0	0	0	151	0	0	0	0	0	144.8	0	0	0	0	151	-83857.30267
0	0	0	0	0	181	0	0	0	0	0	144.8	0	0	0	0	159303.912
0	0	0	206	0	0	0	0	164.8	0	0	0	0	206	0	0	-94938.92994
0	0	0	206	0	0	0	0	0	187.2	0	0	0	0	206	0	200262.631
0	0	0	0	234	0	0	0	0	164.8	0	0	0	0	0	234	428490.4536
0	0	0	0	234	0	0	0	0	0	187.2	0	0	0	0	0	688203.7402
0	184	0	0	0	0	147.2	0	0	0	0	184	0	0	0	0	-95669.30637
0	184	0	0	0	0	0	170.4	0	0	0	0	184	0	0	0	196530.1861
0	0	213	0	0	0	0	147.2	0	0	0	0	0	213	0	0	421609.9885
0	0	213	0	0	0	0	0	170.4	0	0	0	0	0	213	0	678736.3308
0	0	178	0	0	0	0	142.4	0	0	0	0	178	0	0	0	-85024.61005
0	0	0	207	0	0	0	0	142.4	0	0	0	0	0	207	0	311686.071
0	0	178	0	0	0	0	0	165.6	0	0	0	0	178	0	0	63131.63206
0	0	0	207	0	0	0	0	0	165.6	0	0	0	0	0	207	442184.6492
0	188	0	0	0	0	158	0	0	0	0	126.4	0	0	0	0	391448.8022
0	0	212	0	0	0	0	158	0	0	0	0	0	150.4	0	0	533766.3508
0	188	0	0	0	0	126.4	0	0	0	0	0	188	0	0	0	301367.456
0	188	0	0	0	0	0	150.4	0	0	0	0	0	188	0	0	535486.1596
0	180	0	0	0	0	172	0	0	0	0	137.6	0	0	0	0	509456.1268
0	180	0	0	0	0	0	201	0	0	0	0	137.6	0	0	0	711931.434
0	180	0	0	0	0	172	0	0	0	0	0	160.8	0	0	0	646775.9885
0	180	0	0	0	0	0	201	0	0	0	0	0	160.8	0	0	863384.2237
0	144.8	0	0	0	0	151	0	0	0	0	120.8	0	0	0	0	432068.0483
0	0	164	0	0	0	0	0	181	0	0	0	0	120.8	0	0	592106.0798
0	151	0	0	0	0	0	144.8	0	0	0	0	151	0	0	0	-25319.50183
0	181	0	0	0	0	0	144.8	0	0	0	0	0	181	0	0	417231.9931
0	0	0	151	0	0	0	0	120.8	0	0	0	0	151	0	0	-197048.1426
0	0	0	151	0	0	0	0	0	144.8	0	0	0	0	151	0	23411.92623
0	0	0	0	181	0	0	0	0	120.8	0	0	0	0	0	181	189271.681
0	0	0	0	181	0	0	0	0	0	144.8	0	0	0	0	0	383322.6031
0	172	0	0	0	0	137.6	0	0	0	0	172	0	0	0	0	-106034.8614
0	172	0	0	0	0	0	160.8	0	0	0	0	172	0	0	0	130254.7038
0	0	201	0	0	0	0	137.6	0	0	0	0	0	201	0	0	311143.5635
0	0	201	0	0	0	0	0	160.8	0	0	0	0	0	201	0	519093.6216
0	180	0	0	0	0	172	0	0	0	0	137.6	0	0	0	0	140100.4349
0	180	0	0	0	0	0	201	0	0	0	0	137.6	0	0	0	195781.1444
0	180	0	0	0	0	172	0	0	0	0	0	160.8	0	0	0	177863.3968
0	180	0	0	0	0	0	201	0	0	0	0	0	160.8	0	0	237430.6615
0	212	0	0	0	0	158	0	0	0	0	126.4	0	0	0	0	136053.7778
0	212	0	0	0	0	158	0	0	0	0	0	150.4	0	0	0	200645.7197
0	212	0	0	0	0	0	188	0	0	0	0	126.4	0	0	0	214621.9965
0	212	0	0	0	0	0	188	0	0	0	0	0	150.4	0	0	283695.6547
0	0	184	0	0	0	0	147.2	0	0	0	0	184	0	0	0	-97527.74264
0	0	184	0	0	0	0	0	170.4	0	0	0	0	184	0	0	187429.0969
0	0	0	213	0	0	0	0	147.2	0	0	0	0	0	213	0	406929.92
0	0	0	213	0	0	0	0	0	170.4	0	0	0	0	0	213	657682.956
0	164	0	0	0	0	151	0	0	0	0	120.8	0	0	0	0	379625.6471
0	164	0	0	0	0	0	181	0	0	0	0	120.8	0	0	0	562954.8941
0	164	0	0	0	0	151	0	0	0	0	0	144.8	0	0	0	503017.3604
0	164	0	0	0	0	0	181	0	0	0	0	0	144.8	0	0	700992.163
0	0	0	165	0	0	0	0	132	0	0	0	0	165	0	0	-68347.41488
0	0	0	0	195	0	0	0	0	132	0	0	0	0	0	195	95349.53802
0	0	0	165	0	0	0	0	0	156	0	0	0	0	165	0	-7067.866395
0	0	0	0	195	0	0	0	0	0	156	0	0	0	0	0	149324.8819
0	0	0	0	206	0	0	0	0	164.8	0	0	0	0	206	0	-31972.6708
0	0	0	0	0	234	0	0	0	0	164.8	0	0	0	0	0	67012.45744
0	0	0	0	206	0	0	0	0	0	187.2	0	0	0	0	206	5017.009649
0	0	0	0	0	234	0	0	0	0	0	187.2	0	0	0	0	99589.56794
0	0	0	190	0	0	0	0	152	0	0	0	0	190	0	0	-67439.46125
0	0	0	0	219	0	0	0	0	152	0	0	0	0	0	219	203060.0331
0	0	0	190	0	0	0	0	0	175.2	0	0	0	0	190	0	33706.78792
0	0	0	0	219	0	0	0	0	0	175.2	0	0	0	0	0	292143.8581
0	181	0	0	0	0	151	0	0	0	0	120.8	0	0	0	0	264614.6004
0	0	205	0	0	0	0	151	0	0	0	0	0	144.8	0	0	369385.7289
0	181	0	0	0	0	120.8	0	0	0	0	0	181	0	0	0	200840.7984
0	181	0	0	0	0	0	144.8	0	0	0	0	0	181	0	0	369886.6464
0	175.2	0	0	0	0	165	0	0	0	0	132	0	0	0	0	426429.5143
0	175.2	0	0	0	0	0	195	0	0	0	0	132	0	0	0	607510.1394
0	175.2	0	0	0	0	165	0	0	0	0	0	156	0	0	0	548547.5893
0	175.2	0	0	0	0	0	195	0	0	0	0	0	156	0	0	743161.4125
0	184.8	0	0	0	0	178	0	0	0	0	142.4	0	0	0	0	643771.3492
0	184.8	0	0	0	0	0	207	0	0	0	0	142.4	0	0	0	897381.0773
0	184.8	0	0	0	0	178	0	0	0	0	0	165.6	0	0	0	816294.2095
0	184.8	0	0	0	0	0	207	0	0	0	0	0	165.6	0	0	1086935.072
0	197.6	0	0	0	0	196	0	0	0	0	156.8	0	0	0	0	309237.0127
0	197.6	0	0	0	0	0	224	0	0	0	0	156.8	0	0	0	416680.9266
0	197.6	0	0	0	0	196	0	0	0	0	0	179.2	0	0	0	382527.9048
0	197.6	0	0	0	0	0	224	0	0	0	0	0	179.2	0	0	496336.7628
0	224	0	0	0	0	196	0	0	0	0	156.8	0	0	0	0	284582.4357
0	0	247	0	0	0	0	196	0	0	0	0	0	179.2	0	0	356043.6546
0	224	0	0	0	0	156.8	0	0	0	0	0	224	0	0	0	226594.9334
0	224	0	0	0	0	0	179.2	0	0	0	0	0	224	0	0	358091.0471
0	0	196	0	0	0	0	156.8	0	0	0	0	196	0	0	0	-16100.09118
0	0	196	0	0	0	0	0	179.2	0	0	0	0	196	0	0	51882.09716
0	0	0	224	0	0	0	0	156.8	0	0	0	0	0	224	0	104519.9434
0	0	0	224	0	0	0	0	0	179.2	0	0	0	0	0	224	164336.6444
0	0	0	172	0	0	0	0	137.6	0	0	0	0	172	0	0	-141462.0928
0	0	0	172	0	0	0	0	0	160.8	0	0	0	0	172	0	91381.91036
0	0	0	0	201	0	0	0	0	137.6	0	0	0	0	0	201	269633.0582
0	0	0	0	201	0	0	0	0	0	160.8	0	0	0	0	0	474550.7995
0	0	151	0	0	0	0	120.8	0	0	0	0	151	0	0	0	-160428.6252
0	0	0	181	0	0	0	0	120.8	0	0	0	0	0	181	0	231105.9773
0	0	151	0	0	0	0	0	144.8	0	0	0	0	151	0	0	-13999.5482
0	0	0	181	0	0	0	0	0	144.8	0	0	0	0	0	181	360094.1021
0	0	151	0	0	0	0	120.8	0	0	0	0	151	0	0	0	-101306.7258
0	0	0	181	0	0	0	0	120.8	0	0	0	0	0	181	0	127346.4983
0	0	151	0	0	0	0	0	144.8	0	0	0	0	151	0	0	-15647.93513
0	0	0	181	0	0	0	0	0	144.8	0	0	0	0	0	181	202798.6791
0	0	0	0	190	0	0	0	0	152	0	0	0	0	190	0	-28645.1513
0	0	0	0	190	0	0	0	0	0	175.2	0	0	0	0	190	8704.592903
0	0	0	0	0	219	0	0	0	0	152	0	0	0	0	0	37391.99065
0	0	0	0	0	219	0	0	0	0	0	175.2	0	0	0	0	68636.25549
0	165.6	0	0	0	0	178	0	0	0	0	142.4	0	0	0	0	178163.6901
0	0	184.8	0	0	0	0	0	207	0	0	0	0	142.4	0	0	225825.1343
0	178	0	0	0	0	0	165.6	0	0	0	0	178	0	0	0	23742.69797
0	207	0	0	0	0	0	165.6	0	0	0	0	0	207	0	0	171289.7025
0	196	0	0	0	0	156.8	0	0	0	0	196	0	0	0	0	-11006.25701
0	0	224	0	0	0	0	156.8	0	0	0	0	0	224	0	0	70748.08171
0	196	0	0	0	0	0	179.2	0	0	0	0	196	0	0	0	19555.88994
0	0	224	0	0	0	0	0	179.2	0	0	0	0	0	224	0	97665.04257
0	172	0	0	0	0	137.6	0	0	0	0	172	0	0	0	0	-35984.89505
0	0	201	0	0	0	0	137.6	0	0	0	0	0	201	0	0	92003.95771
0	172	0	0	0	0	0	160.8	0	0	0	0	172	0	0	0	11910.73531
0	0	201	0	0	0	0	0	160.8	0	0	0	0	0	201	0	134189.7577
0	0	0	165	0	0	0	0	132	0	0	0	0	165	0	0	-112325.5825
0	0	0	165	0	0	0	0	0	156	0	0	0	0	165	0	43681.74249
0	0	0	0	195	0	0	0	0	132	0	0	0	0	0	195	162046.1738
0	0	0	0	195	0	0	0	0	0	156	0	0	0	0	0	299344.8469
0	231	0	0	0	0	178	0	0	0	0	142.4	0	0	0	0	129874.085
0	231	0	0	0	0	178	0	0	0	0	0	165.6	0	0	0	179363.5676
0	231	0	0	0	0	0	207	0	0	0	0	142.4	0	0	0	191009.8653
0	231	0	0	0	0	0	207	0	0	0	0	0	165.6	0	0	243434.2671
0	188.8	0	0	0	0	184	0	0	0	0	147.2	0	0	0	0	645017.8168
0	188.8	0	0	0	0	0	213	0	0	0	0	147.2	0	0	0	880776.1714
0	188.8	0	0	0	0	184	0	0	0	0	0	170.4	0	0	0	804501.6071
0	188.8	0	0	0	0	0	213	0	0	0	0	0	170.4	0	0	1055832.472
0	196	0	0	0	0	156.8	0	0	0	0	196	0	0	0	0	-37279.80769
0	196	0	0	0	0	0	179.2	0	0	0	0	196	0	0	0	102395.6816
0	0	224	0	0	0	0	156.8	0	0	0	0	0	224	0	0	209920.4458
0	0	224	0	0	0	0	0	179.2	0	0	0	0	0	224	0	332814.01
0	0	0	0	172	0	0	0	0	137.6	0	0	0	0	172	0	-141028.1149
0	0	0	0	0	201	0	0	0	0	137.6	0	0	0	0	0	127647.8976
0	0	0	0	172	0	0	0	0	0	160.8	0	0	0	0	172	-40659.4373
0	0	0	0	0	201	0	0	0	0	0	160.8	0	0	0	0	216055.8669
0	0	165	0	0	0	0	132	0	0	0	0	165	0	0	0	-149585.9099
0	0	0	195	0	0	0	0	132	0	0	0	0	0	195	0	298034.3135
0	0	165	0	0	0	0	0	156	0	0	0	0	165	0	0	17979.611
0	0	0	195	0	0	0	0	0	156	0	0	0	0	0	195	445626.8927
0	201	0	0	0	0	160.8	0	0	0	0	201	0	0	0	0	-63322.73711
0	0	229	0	0	0	0	160.8	0	0	0	0	0	229	0	0	531809.6402
0	201	0	0	0	0	0	183.2	0	0	0	0	201	0	0	0	159112.6605
0	0	229	0	0	0	0	0	183.2	0	0	0	0	0	229	0	727712.5462
0	0	0	151	0	0	0	0	120.8	0	0	0	0	151	0	0	-105092.3427
0	0	0	151	0	0	0	0	0	144.8	0	0	0	0	151	0	12486.36065
0	0	0	0	181	0	0	0	0	120.8	0	0	0	0	0	181	100944.8965
0	0	0	0	181	0	0	0	0	0	144.8	0	0	0	0	0	204438.7217
0	0	172	0	0	0	0	137.6	0	0	0	0	172	0	0	0	-113051.0589
0	0	172	0	0	0	0	0	160.8	0	0	0	0	172	0	0	130429.6817
0	0	0	201	0	0	0	0	137.6	0	0	0	0	0	201	0	316823.666
0	0	0	201	0	0	0	0	0	160.8	0	0	0	0	0	201	531102.4223
0	0	0	206	0	0	0	0	164.8	0	0	0	0	206	0	0	-13285.45148
0	0	0	206	0	0	0	0	0	187.2	0	0	0	0	206	0	34630.4161
0	0	0	0	234	0	0	0	0	164.8	0	0	0	0	0	234	71892.10143
0	0	0	0	234	0	0	0	0	0	187.2	0	0	0	0	0	114049.4409
