1	8.0	62.0	119.0	165.0	201.0	229.0	252.0	270.0	285.0	298.0	309.0	318.0	326.0	333.0	339.0	345.0	350.0	355.0	359.0	362.0	366.0	369.0	372.0	374.0	377.0	379.0	381.0	383.0	385.0	387.0	389.0	390.0	392.0	393.0	394.0	395.0	397.0	398.0	399.0	400.0
2	7.0	58.0	114.0	160.0	196.0	224.0	247.0	265.0	281.0	294.0	305.0	314.0	323.0	330.0	336.0	342.0	347.0	352.0	356.0	360.0	363.0	367.0	370.0	372.0	375.0	377.0	379.0	381.0	383.0	385.0	387.0	388.0	390.0	391.0	393.0	394.0	395.0	396.0	397.0	398.0
3	9.0	66.0	124.0	171.0	206.0	234.0	256.0	274.0	289.0	302.0	312.0	321.0	329.0	336.0	342.0	348.0	353.0	357.0	361.0	365.0	368.0	371.0	374.0	376.0	379.0	381.0	383.0	385.0	387.0	389.0	390.0	392.0	393.0	394.0	396.0	397.0	398.0	399.0	400.0	401.0
4	4.0	42.0	92.0	136.0	172.0	201.0	225.0	245.0	261.0	275.0	287.0	298.0	307.0	315.0	322.0	329.0	334.0	339.0	344.0	348.0	352.0	356.0	359.0	362.0	365.0	368.0	370.0	373.0	375.0	377.0	379.0	381.0	382.0	384.0	385.0	387.0	388.0	390.0	391.0	392.0
5	4.0	42.0	92.0	136.0	172.0	201.0	225.0	245.0	261.0	275.0	287.0	298.0	307.0	315.0	322.0	329.0	334.0	339.0	344.0	348.0	352.0	356.0	359.0	362.0	365.0	368.0	370.0	373.0	375.0	377.0	379.0	381.0	382.0	384.0	385.0	387.0	388.0	390.0	391.0	392.0
6	6.0	54.0	108.0	154.0	190.0	219.0	242.0	261.0	276.0	290.0	301.0	311.0	319.0	327.0	333.0	339.0	344.0	349.0	353.0	357.0	361.0	364.0	367.0	370.0	373.0	375.0	377.0	379.0	381.0	383.0	385.0	387.0	388.0	390.0	391.0	392.0	394.0	395.0	396.0	397.0
7	7.0	58.0	114.0	160.0	196.0	224.0	247.0	265.0	281.0	294.0	305.0	314.0	323.0	330.0	336.0	342.0	347.0	352.0	356.0	360.0	363.0	367.0	370.0	372.0	375.0	377.0	379.0	381.0	383.0	385.0	387.0	388.0	390.0	391.0	393.0	394.0	395.0	396.0	397.0	398.0
8	8.0	62.0	119.0	165.0	201.0	229.0	252.0	270.0	285.0	298.0	309.0	318.0	326.0	333.0	339.0	345.0	350.0	355.0	359.0	362.0	366.0	369.0	372.0	374.0	377.0	379.0	381.0	383.0	385.0	387.0	389.0	390.0	392.0	393.0	394.0	395.0	397.0	398.0	399.0	400.0
9	8.0	62.0	119.0	165.0	201.0	229.0	252.0	270.0	285.0	298.0	309.0	318.0	326.0	333.0	339.0	345.0	350.0	355.0	359.0	362.0	366.0	369.0	372.0	374.0	377.0	379.0	381.0	383.0	385.0	387.0	389.0	390.0	392.0	393.0	394.0	395.0	397.0	398.0	399.0	400.0
10	4.0	42.0	92.0	136.0	172.0	201.0	225.0	245.0	261.0	275.0	287.0	298.0	307.0	315.0	322.0	329.0	334.0	339.0	344.0	348.0	352.0	356.0	359.0	362.0	365.0	368.0	370.0	373.0	375.0	377.0	379.0	381.0	382.0	384.0	385.0	387.0	388.0	390.0	391.0	392.0
11	2.0	34.0	80.0	123.0	158.0	188.0	212.0	233.0	250.0	264.0	277.0	288.0	297.0	306.0	313.0	320.0	326.0	332.0	337.0	341.0	346.0	349.0	353.0	356.0	359.0	362.0	365.0	367.0	370.0	372.0	374.0	376.0	378.0	379.0	381.0	382.0	384.0	385.0	387.0	388.0
12	7.0	58.0	114.0	160.0	196.0	224.0	247.0	265.0	281.0	294.0	305.0	314.0	323.0	330.0	336.0	342.0	347.0	352.0	356.0	360.0	363.0	367.0	370.0	372.0	375.0	377.0	379.0	381.0	383.0	385.0	387.0	388.0	390.0	391.0	393.0	394.0	395.0	396.0	397.0	398.0
13	5.0	50.0	103.0	148.0	184.0	213.0	236.0	256.0	272.0	285.0	297.0	307.0	315.0	323.0	330.0	336.0	341.0	346.0	351.0	355.0	358.0	362.0	365.0	368.0	370.0	373.0	375.0	377.0	379.0	381.0	383.0	385.0	386.0	388.0	389.0	391.0	392.0	393.0	394.0	395.0
14	3.0	38.0	86.0	129.0	165.0	195.0	219.0	239.0	256.0	270.0	282.0	293.0	302.0	311.0	318.0	325.0	330.0	336.0	341.0	345.0	349.0	353.0	356.0	359.0	362.0	365.0	368.0	370.0	372.0	374.0	376.0	378.0	380.0	382.0	383.0	385.0	386.0	388.0	389.0	390.0
15	2.0	30.0	74.0	116.0	151.0	181.0	205.0	226.0	243.0	258.0	271.0	282.0	292.0	301.0	309.0	316.0	322.0	328.0	333.0	337.0	342.0	346.0	349.0	353.0	356.0	359.0	362.0	364.0	367.0	369.0	371.0	373.0	375.0	377.0	378.0	380.0	382.0	383.0	384.0	386.0
16	3.0	38.0	86.0	129.0	165.0	195.0	219.0	239.0	256.0	270.0	282.0	293.0	302.0	311.0	318.0	325.0	330.0	336.0	341.0	345.0	349.0	353.0	356.0	359.0	362.0	365.0	368.0	370.0	372.0	374.0	376.0	378.0	380.0	382.0	383.0	385.0	386.0	388.0	389.0	390.0
17	5.0	50.0	103.0	148.0	184.0	213.0	236.0	256.0	272.0	285.0	297.0	307.0	315.0	323.0	330.0	336.0	341.0	346.0	351.0	355.0	358.0	362.0	365.0	368.0	370.0	373.0	375.0	377.0	379.0	381.0	383.0	385.0	386.0	388.0	389.0	391.0	392.0	393.0	394.0	395.0
18	3.0	38.0	86.0	129.0	165.0	195.0	219.0	239.0	256.0	270.0	282.0	293.0	302.0	311.0	318.0	325.0	330.0	336.0	341.0	345.0	349.0	353.0	356.0	359.0	362.0	365.0	368.0	370.0	372.0	374.0	376.0	378.0	380.0	382.0	383.0	385.0	386.0	388.0	389.0	390.0
19	9.0	66.0	124.0	171.0	206.0	234.0	256.0	274.0	289.0	302.0	312.0	321.0	329.0	336.0	342.0	348.0	353.0	357.0	361.0	365.0	368.0	371.0	374.0	376.0	379.0	381.0	383.0	385.0	387.0	389.0	390.0	392.0	393.0	394.0	396.0	397.0	398.0	399.0	400.0	401.0
20	4.0	42.0	92.0	136.0	172.0	201.0	225.0	245.0	261.0	275.0	287.0	298.0	307.0	315.0	322.0	329.0	334.0	339.0	344.0	348.0	352.0	356.0	359.0	362.0	365.0	368.0	370.0	373.0	375.0	377.0	379.0	381.0	382.0	384.0	385.0	387.0	388.0	390.0	391.0	392.0
21	3.0	38.0	86.0	129.0	165.0	195.0	219.0	239.0	256.0	270.0	282.0	293.0	302.0	311.0	318.0	325.0	330.0	336.0	341.0	345.0	349.0	353.0	356.0	359.0	362.0	365.0	368.0	370.0	372.0	374.0	376.0	378.0	380.0	382.0	383.0	385.0	386.0	388.0	389.0	390.0
22	2.0	34.0	80.0	123.0	158.0	188.0	212.0	233.0	250.0	264.0	277.0	288.0	297.0	306.0	313.0	320.0	326.0	332.0	337.0	341.0	346.0	349.0	353.0	356.0	359.0	362.0	365.0	367.0	370.0	372.0	374.0	376.0	378.0	379.0	381.0	382.0	384.0	385.0	387.0	388.0
23	9.0	66.0	124.0	171.0	206.0	234.0	256.0	274.0	289.0	302.0	312.0	321.0	329.0	336.0	342.0	348.0	353.0	357.0	361.0	365.0	368.0	371.0	374.0	376.0	379.0	381.0	383.0	385.0	387.0	389.0	390.0	392.0	393.0	394.0	396.0	397.0	398.0	399.0	400.0	401.0
24	2.0	34.0	80.0	123.0	158.0	188.0	212.0	233.0	250.0	264.0	277.0	288.0	297.0	306.0	313.0	320.0	326.0	332.0	337.0	341.0	346.0	349.0	353.0	356.0	359.0	362.0	365.0	367.0	370.0	372.0	374.0	376.0	378.0	379.0	381.0	382.0	384.0	385.0	387.0	388.0
25	5.0	50.0	103.0	148.0	184.0	213.0	236.0	256.0	272.0	285.0	297.0	307.0	315.0	323.0	330.0	336.0	341.0	346.0	351.0	355.0	358.0	362.0	365.0	368.0	370.0	373.0	375.0	377.0	379.0	381.0	383.0	385.0	386.0	388.0	389.0	391.0	392.0	393.0	394.0	395.0
26	4.0	46.0	97.0	142.0	178.0	207.0	231.0	250.0	267.0	280.0	292.0	302.0	311.0	319.0	326.0	332.0	338.0	343.0	347.0	352.0	355.0	359.0	362.0	365.0	368.0	370.0	373.0	375.0	377.0	379.0	381.0	383.0	384.0	386.0	387.0	389.0	390.0	391.0	393.0	394.0
27	2.0	30.0	74.0	116.0	151.0	181.0	205.0	226.0	243.0	258.0	271.0	282.0	292.0	301.0	309.0	316.0	322.0	328.0	333.0	337.0	342.0	346.0	349.0	353.0	356.0	359.0	362.0	364.0	367.0	369.0	371.0	373.0	375.0	377.0	378.0	380.0	382.0	383.0	384.0	386.0
28	4.0	42.0	92.0	136.0	172.0	201.0	225.0	245.0	261.0	275.0	287.0	298.0	307.0	315.0	322.0	329.0	334.0	339.0	344.0	348.0	352.0	356.0	359.0	362.0	365.0	368.0	370.0	373.0	375.0	377.0	379.0	381.0	382.0	384.0	385.0	387.0	388.0	390.0	391.0	392.0
29	8.0	62.0	119.0	165.0	201.0	229.0	252.0	270.0	285.0	298.0	309.0	318.0	326.0	333.0	339.0	345.0	350.0	355.0	359.0	362.0	366.0	369.0	372.0	374.0	377.0	379.0	381.0	383.0	385.0	387.0	389.0	390.0	392.0	393.0	394.0	395.0	397.0	398.0	399.0	400.0
30	6.0	54.0	108.0	154.0	190.0	219.0	242.0	261.0	276.0	290.0	301.0	311.0	319.0	327.0	333.0	339.0	344.0	349.0	353.0	357.0	361.0	364.0	367.0	370.0	373.0	375.0	377.0	379.0	381.0	383.0	385.0	387.0	388.0	390.0	391.0	392.0	394.0	395.0	396.0	397.0
31	2.0	30.0	74.0	116.0	151.0	181.0	205.0	226.0	243.0	258.0	271.0	282.0	292.0	301.0	309.0	316.0	322.0	328.0	333.0	337.0	342.0	346.0	349.0	353.0	356.0	359.0	362.0	364.0	367.0	369.0	371.0	373.0	375.0	377.0	378.0	380.0	382.0	383.0	384.0	386.0
32	3.0	38.0	86.0	129.0	165.0	195.0	219.0	239.0	256.0	270.0	282.0	293.0	302.0	311.0	318.0	325.0	330.0	336.0	341.0	345.0	349.0	353.0	356.0	359.0	362.0	365.0	368.0	370.0	372.0	374.0	376.0	378.0	380.0	382.0	383.0	385.0	386.0	388.0	389.0	390.0
33	9.0	66.0	124.0	171.0	206.0	234.0	256.0	274.0	289.0	302.0	312.0	321.0	329.0	336.0	342.0	348.0	353.0	357.0	361.0	365.0	368.0	371.0	374.0	376.0	379.0	381.0	383.0	385.0	387.0	389.0	390.0	392.0	393.0	394.0	396.0	397.0	398.0	399.0	400.0	401.0
34	6.0	54.0	108.0	154.0	190.0	219.0	242.0	261.0	276.0	290.0	301.0	311.0	319.0	327.0	333.0	339.0	344.0	349.0	353.0	357.0	361.0	364.0	367.0	370.0	373.0	375.0	377.0	379.0	381.0	383.0	385.0	387.0	388.0	390.0	391.0	392.0	394.0	395.0	396.0	397.0
35	5.0	50.0	103.0	148.0	184.0	213.0	236.0	256.0	272.0	285.0	297.0	307.0	315.0	323.0	330.0	336.0	341.0	346.0	351.0	355.0	358.0	362.0	365.0	368.0	370.0	373.0	375.0	377.0	379.0	381.0	383.0	385.0	386.0	388.0	389.0	391.0	392.0	393.0	394.0	395.0
36	3.0	38.0	86.0	129.0	165.0	195.0	219.0	239.0	256.0	270.0	282.0	293.0	302.0	311.0	318.0	325.0	330.0	336.0	341.0	345.0	349.0	353.0	356.0	359.0	362.0	365.0	368.0	370.0	372.0	374.0	376.0	378.0	380.0	382.0	383.0	385.0	386.0	388.0	389.0	390.0
37	8.0	62.0	119.0	165.0	201.0	229.0	252.0	270.0	285.0	298.0	309.0	318.0	326.0	333.0	339.0	345.0	350.0	355.0	359.0	362.0	366.0	369.0	372.0	374.0	377.0	379.0	381.0	383.0	385.0	387.0	389.0	390.0	392.0	393.0	394.0	395.0	397.0	398.0	399.0	400.0
38	3.0	38.0	86.0	129.0	165.0	195.0	219.0	239.0	256.0	270.0	282.0	293.0	302.0	311.0	318.0	325.0	330.0	336.0	341.0	345.0	349.0	353.0	356.0	359.0	362.0	365.0	368.0	370.0	372.0	374.0	376.0	378.0	380.0	382.0	383.0	385.0	386.0	388.0	389.0	390.0
39	4.0	42.0	92.0	136.0	172.0	201.0	225.0	245.0	261.0	275.0	287.0	298.0	307.0	315.0	322.0	329.0	334.0	339.0	344.0	348.0	352.0	356.0	359.0	362.0	365.0	368.0	370.0	373.0	375.0	377.0	379.0	381.0	382.0	384.0	385.0	387.0	388.0	390.0	391.0	392.0
40	5.0	50.0	103.0	148.0	184.0	213.0	236.0	256.0	272.0	285.0	297.0	307.0	315.0	323.0	330.0	336.0	341.0	346.0	351.0	355.0	358.0	362.0	365.0	368.0	370.0	373.0	375.0	377.0	379.0	381.0	383.0	385.0	386.0	388.0	389.0	391.0	392.0	393.0	394.0	395.0
41	2.0	30.0	74.0	116.0	151.0	181.0	205.0	226.0	243.0	258.0	271.0	282.0	292.0	301.0	309.0	316.0	322.0	328.0	333.0	337.0	342.0	346.0	349.0	353.0	356.0	359.0	362.0	364.0	367.0	369.0	371.0	373.0	375.0	377.0	378.0	380.0	382.0	383.0	384.0	386.0
42	2.0	34.0	80.0	123.0	158.0	188.0	212.0	233.0	250.0	264.0	277.0	288.0	297.0	306.0	313.0	320.0	326.0	332.0	337.0	341.0	346.0	349.0	353.0	356.0	359.0	362.0	365.0	367.0	370.0	372.0	374.0	376.0	378.0	379.0	381.0	382.0	384.0	385.0	387.0	388.0
43	4.0	46.0	97.0	142.0	178.0	207.0	231.0	250.0	267.0	280.0	292.0	302.0	311.0	319.0	326.0	332.0	338.0	343.0	347.0	352.0	355.0	359.0	362.0	365.0	368.0	370.0	373.0	375.0	377.0	379.0	381.0	383.0	384.0	386.0	387.0	389.0	390.0	391.0	393.0	394.0
44	5.0	50.0	103.0	148.0	184.0	213.0	236.0	256.0	272.0	285.0	297.0	307.0	315.0	323.0	330.0	336.0	341.0	346.0	351.0	355.0	358.0	362.0	365.0	368.0	370.0	373.0	375.0	377.0	379.0	381.0	383.0	385.0	386.0	388.0	389.0	391.0	392.0	393.0	394.0	395.0
45	6.0	54.0	108.0	154.0	190.0	219.0	242.0	261.0	276.0	290.0	301.0	311.0	319.0	327.0	333.0	339.0	344.0	349.0	353.0	357.0	361.0	364.0	367.0	370.0	373.0	375.0	377.0	379.0	381.0	383.0	385.0	387.0	388.0	390.0	391.0	392.0	394.0	395.0	396.0	397.0
46	7.0	58.0	114.0	160.0	196.0	224.0	247.0	265.0	281.0	294.0	305.0	314.0	323.0	330.0	336.0	342.0	347.0	352.0	356.0	360.0	363.0	367.0	370.0	372.0	375.0	377.0	379.0	381.0	383.0	385.0	387.0	388.0	390.0	391.0	393.0	394.0	395.0	396.0	397.0	398.0
47	8.0	62.0	119.0	165.0	201.0	229.0	252.0	270.0	285.0	298.0	309.0	318.0	326.0	333.0	339.0	345.0	350.0	355.0	359.0	362.0	366.0	369.0	372.0	374.0	377.0	379.0	381.0	383.0	385.0	387.0	389.0	390.0	392.0	393.0	394.0	395.0	397.0	398.0	399.0	400.0
48	8.0	62.0	119.0	165.0	201.0	229.0	252.0	270.0	285.0	298.0	309.0	318.0	326.0	333.0	339.0	345.0	350.0	355.0	359.0	362.0	366.0	369.0	372.0	374.0	377.0	379.0	381.0	383.0	385.0	387.0	389.0	390.0	392.0	393.0	394.0	395.0	397.0	398.0	399.0	400.0
49	5.0	50.0	103.0	148.0	184.0	213.0	236.0	256.0	272.0	285.0	297.0	307.0	315.0	323.0	330.0	336.0	341.0	346.0	351.0	355.0	358.0	362.0	365.0	368.0	370.0	373.0	375.0	377.0	379.0	381.0	383.0	385.0	386.0	388.0	389.0	391.0	392.0	393.0	394.0	395.0
50	3.0	38.0	86.0	129.0	165.0	195.0	219.0	239.0	256.0	270.0	282.0	293.0	302.0	311.0	318.0	325.0	330.0	336.0	341.0	345.0	349.0	353.0	356.0	359.0	362.0	365.0	368.0	370.0	372.0	374.0	376.0	378.0	380.0	382.0	383.0	385.0	386.0	388.0	389.0	390.0
51	9.0	66.0	124.0	171.0	206.0	234.0	256.0	274.0	289.0	302.0	312.0	321.0	329.0	336.0	342.0	348.0	353.0	357.0	361.0	365.0	368.0	371.0	374.0	376.0	379.0	381.0	383.0	385.0	387.0	389.0	390.0	392.0	393.0	394.0	396.0	397.0	398.0	399.0	400.0	401.0
52	4.0	42.0	92.0	136.0	172.0	201.0	225.0	245.0	261.0	275.0	287.0	298.0	307.0	315.0	322.0	329.0	334.0	339.0	344.0	348.0	352.0	356.0	359.0	362.0	365.0	368.0	370.0	373.0	375.0	377.0	379.0	381.0	382.0	384.0	385.0	387.0	388.0	390.0	391.0	392.0
53	3.0	38.0	86.0	129.0	165.0	195.0	219.0	239.0	256.0	270.0	282.0	293.0	302.0	311.0	318.0	325.0	330.0	336.0	341.0	345.0	349.0	353.0	356.0	359.0	362.0	365.0	368.0	370.0	372.0	374.0	376.0	378.0	380.0	382.0	383.0	385.0	386.0	388.0	389.0	390.0
54	8.0	62.0	119.0	165.0	201.0	229.0	252.0	270.0	285.0	298.0	309.0	318.0	326.0	333.0	339.0	345.0	350.0	355.0	359.0	362.0	366.0	369.0	372.0	374.0	377.0	379.0	381.0	383.0	385.0	387.0	389.0	390.0	392.0	393.0	394.0	395.0	397.0	398.0	399.0	400.0
55	6.0	54.0	108.0	154.0	190.0	219.0	242.0	261.0	276.0	290.0	301.0	311.0	319.0	327.0	333.0	339.0	344.0	349.0	353.0	357.0	361.0	364.0	367.0	370.0	373.0	375.0	377.0	379.0	381.0	383.0	385.0	387.0	388.0	390.0	391.0	392.0	394.0	395.0	396.0	397.0
56	4.0	42.0	92.0	136.0	172.0	201.0	225.0	245.0	261.0	275.0	287.0	298.0	307.0	315.0	322.0	329.0	334.0	339.0	344.0	348.0	352.0	356.0	359.0	362.0	365.0	368.0	370.0	373.0	375.0	377.0	379.0	381.0	382.0	384.0	385.0	387.0	388.0	390.0	391.0	392.0
57	2.0	30.0	74.0	116.0	151.0	181.0	205.0	226.0	243.0	258.0	271.0	282.0	292.0	301.0	309.0	316.0	322.0	328.0	333.0	337.0	342.0	346.0	349.0	353.0	356.0	359.0	362.0	364.0	367.0	369.0	371.0	373.0	375.0	377.0	378.0	380.0	382.0	383.0	384.0	386.0
58	7.0	58.0	114.0	160.0	196.0	224.0	247.0	265.0	281.0	294.0	305.0	314.0	323.0	330.0	336.0	342.0	347.0	352.0	356.0	360.0	363.0	367.0	370.0	372.0	375.0	377.0	379.0	381.0	383.0	385.0	387.0	388.0	390.0	391.0	393.0	394.0	395.0	396.0	397.0	398.0
59	2.0	30.0	74.0	116.0	151.0	181.0	205.0	226.0	243.0	258.0	271.0	282.0	292.0	301.0	309.0	316.0	322.0	328.0	333.0	337.0	342.0	346.0	349.0	353.0	356.0	359.0	362.0	364.0	367.0	369.0	371.0	373.0	375.0	377.0	378.0	380.0	382.0	383.0	384.0	386.0
60	3.0	38.0	86.0	129.0	165.0	195.0	219.0	239.0	256.0	270.0	282.0	293.0	302.0	311.0	318.0	325.0	330.0	336.0	341.0	345.0	349.0	353.0	356.0	359.0	362.0	365.0	368.0	370.0	372.0	374.0	376.0	378.0	380.0	382.0	383.0	385.0	386.0	388.0	389.0	390.0
61	6.0	54.0	108.0	154.0	190.0	219.0	242.0	261.0	276.0	290.0	301.0	311.0	319.0	327.0	333.0	339.0	344.0	349.0	353.0	357.0	361.0	364.0	367.0	370.0	373.0	375.0	377.0	379.0	381.0	383.0	385.0	387.0	388.0	390.0	391.0	392.0	394.0	395.0	396.0	397.0
62	8.0	62.0	119.0	165.0	201.0	229.0	252.0	270.0	285.0	298.0	309.0	318.0	326.0	333.0	339.0	345.0	350.0	355.0	359.0	362.0	366.0	369.0	372.0	374.0	377.0	379.0	381.0	383.0	385.0	387.0	389.0	390.0	392.0	393.0	394.0	395.0	397.0	398.0	399.0	400.0
63	2.0	30.0	74.0	116.0	151.0	181.0	205.0	226.0	243.0	258.0	271.0	282.0	292.0	301.0	309.0	316.0	322.0	328.0	333.0	337.0	342.0	346.0	349.0	353.0	356.0	359.0	362.0	364.0	367.0	369.0	371.0	373.0	375.0	377.0	378.0	380.0	382.0	383.0	384.0	386.0
64	9.0	66.0	124.0	171.0	206.0	234.0	256.0	274.0	289.0	302.0	312.0	321.0	329.0	336.0	342.0	348.0	353.0	357.0	361.0	365.0	368.0	371.0	374.0	376.0	379.0	381.0	383.0	385.0	387.0	389.0	390.0	392.0	393.0	394.0	396.0	397.0	398.0	399.0	400.0	401.0
65	6.0	54.0	108.0	154.0	190.0	219.0	242.0	261.0	276.0	290.0	301.0	311.0	319.0	327.0	333.0	339.0	344.0	349.0	353.0	357.0	361.0	364.0	367.0	370.0	373.0	375.0	377.0	379.0	381.0	383.0	385.0	387.0	388.0	390.0	391.0	392.0	394.0	395.0	396.0	397.0
66	4.0	42.0	92.0	136.0	172.0	201.0	225.0	245.0	261.0	275.0	287.0	298.0	307.0	315.0	322.0	329.0	334.0	339.0	344.0	348.0	352.0	356.0	359.0	362.0	365.0	368.0	370.0	373.0	375.0	377.0	379.0	381.0	382.0	384.0	385.0	387.0	388.0	390.0	391.0	392.0
67	6.0	54.0	108.0	154.0	190.0	219.0	242.0	261.0	276.0	290.0	301.0	311.0	319.0	327.0	333.0	339.0	344.0	349.0	353.0	357.0	361.0	364.0	367.0	370.0	373.0	375.0	377.0	379.0	381.0	383.0	385.0	387.0	388.0	390.0	391.0	392.0	394.0	395.0	396.0	397.0
68	8.0	62.0	119.0	165.0	201.0	229.0	252.0	270.0	285.0	298.0	309.0	318.0	326.0	333.0	339.0	345.0	350.0	355.0	359.0	362.0	366.0	369.0	372.0	374.0	377.0	379.0	381.0	383.0	385.0	387.0	389.0	390.0	392.0	393.0	394.0	395.0	397.0	398.0	399.0	400.0
69	6.0	54.0	108.0	154.0	190.0	219.0	242.0	261.0	276.0	290.0	301.0	311.0	319.0	327.0	333.0	339.0	344.0	349.0	353.0	357.0	361.0	364.0	367.0	370.0	373.0	375.0	377.0	379.0	381.0	383.0	385.0	387.0	388.0	390.0	391.0	392.0	394.0	395.0	396.0	397.0
70	4.0	42.0	92.0	136.0	172.0	201.0	225.0	245.0	261.0	275.0	287.0	298.0	307.0	315.0	322.0	329.0	334.0	339.0	344.0	348.0	352.0	356.0	359.0	362.0	365.0	368.0	370.0	373.0	375.0	377.0	379.0	381.0	382.0	384.0	385.0	387.0	388.0	390.0	391.0	392.0
71	3.0	38.0	86.0	129.0	165.0	195.0	219.0	239.0	256.0	270.0	282.0	293.0	302.0	311.0	318.0	325.0	330.0	336.0	341.0	345.0	349.0	353.0	356.0	359.0	362.0	365.0	368.0	370.0	372.0	374.0	376.0	378.0	380.0	382.0	383.0	385.0	386.0	388.0	389.0	390.0
72	9.0	66.0	124.0	171.0	206.0	234.0	256.0	274.0	289.0	302.0	312.0	321.0	329.0	336.0	342.0	348.0	353.0	357.0	361.0	365.0	368.0	371.0	374.0	376.0	379.0	381.0	383.0	385.0	387.0	389.0	390.0	392.0	393.0	394.0	396.0	397.0	398.0	399.0	400.0	401.0
73	9.0	66.0	124.0	171.0	206.0	234.0	256.0	274.0	289.0	302.0	312.0	321.0	329.0	336.0	342.0	348.0	353.0	357.0	361.0	365.0	368.0	371.0	374.0	376.0	379.0	381.0	383.0	385.0	387.0	389.0	390.0	392.0	393.0	394.0	396.0	397.0	398.0	399.0	400.0	401.0
74	4.0	46.0	97.0	142.0	178.0	207.0	231.0	250.0	267.0	280.0	292.0	302.0	311.0	319.0	326.0	332.0	338.0	343.0	347.0	352.0	355.0	359.0	362.0	365.0	368.0	370.0	373.0	375.0	377.0	379.0	381.0	383.0	384.0	386.0	387.0	389.0	390.0	391.0	393.0	394.0
75	4.0	42.0	92.0	136.0	172.0	201.0	225.0	245.0	261.0	275.0	287.0	298.0	307.0	315.0	322.0	329.0	334.0	339.0	344.0	348.0	352.0	356.0	359.0	362.0	365.0	368.0	370.0	373.0	375.0	377.0	379.0	381.0	382.0	384.0	385.0	387.0	388.0	390.0	391.0	392.0
76	3.0	38.0	86.0	129.0	165.0	195.0	219.0	239.0	256.0	270.0	282.0	293.0	302.0	311.0	318.0	325.0	330.0	336.0	341.0	345.0	349.0	353.0	356.0	359.0	362.0	365.0	368.0	370.0	372.0	374.0	376.0	378.0	380.0	382.0	383.0	385.0	386.0	388.0	389.0	390.0
77	2.0	30.0	74.0	116.0	151.0	181.0	205.0	226.0	243.0	258.0	271.0	282.0	292.0	301.0	309.0	316.0	322.0	328.0	333.0	337.0	342.0	346.0	349.0	353.0	356.0	359.0	362.0	364.0	367.0	369.0	371.0	373.0	375.0	377.0	378.0	380.0	382.0	383.0	384.0	386.0
78	3.0	38.0	86.0	129.0	165.0	195.0	219.0	239.0	256.0	270.0	282.0	293.0	302.0	311.0	318.0	325.0	330.0	336.0	341.0	345.0	349.0	353.0	356.0	359.0	362.0	365.0	368.0	370.0	372.0	374.0	376.0	378.0	380.0	382.0	383.0	385.0	386.0	388.0	389.0	390.0
79	5.0	50.0	103.0	148.0	184.0	213.0	236.0	256.0	272.0	285.0	297.0	307.0	315.0	323.0	330.0	336.0	341.0	346.0	351.0	355.0	358.0	362.0	365.0	368.0	370.0	373.0	375.0	377.0	379.0	381.0	383.0	385.0	386.0	388.0	389.0	391.0	392.0	393.0	394.0	395.0
80	6.0	54.0	108.0	154.0	190.0	219.0	242.0	261.0	276.0	290.0	301.0	311.0	319.0	327.0	333.0	339.0	344.0	349.0	353.0	357.0	361.0	364.0	367.0	370.0	373.0	375.0	377.0	379.0	381.0	383.0	385.0	387.0	388.0	390.0	391.0	392.0	394.0	395.0	396.0	397.0
81	3.0	38.0	86.0	129.0	165.0	195.0	219.0	239.0	256.0	270.0	282.0	293.0	302.0	311.0	318.0	325.0	330.0	336.0	341.0	345.0	349.0	353.0	356.0	359.0	362.0	365.0	368.0	370.0	372.0	374.0	376.0	378.0	380.0	382.0	383.0	385.0	386.0	388.0	389.0	390.0
82	5.0	50.0	103.0	148.0	184.0	213.0	236.0	256.0	272.0	285.0	297.0	307.0	315.0	323.0	330.0	336.0	341.0	346.0	351.0	355.0	358.0	362.0	365.0	368.0	370.0	373.0	375.0	377.0	379.0	381.0	383.0	385.0	386.0	388.0	389.0	391.0	392.0	393.0	394.0	395.0
83	8.0	62.0	119.0	165.0	201.0	229.0	252.0	270.0	285.0	298.0	309.0	318.0	326.0	333.0	339.0	345.0	350.0	355.0	359.0	362.0	366.0	369.0	372.0	374.0	377.0	379.0	381.0	383.0	385.0	387.0	389.0	390.0	392.0	393.0	394.0	395.0	397.0	398.0	399.0	400.0
84	8.0	62.0	119.0	165.0	201.0	229.0	252.0	270.0	285.0	298.0	309.0	318.0	326.0	333.0	339.0	345.0	350.0	355.0	359.0	362.0	366.0	369.0	372.0	374.0	377.0	379.0	381.0	383.0	385.0	387.0	389.0	390.0	392.0	393.0	394.0	395.0	397.0	398.0	399.0	400.0
85	6.0	54.0	108.0	154.0	190.0	219.0	242.0	261.0	276.0	290.0	301.0	311.0	319.0	327.0	333.0	339.0	344.0	349.0	353.0	357.0	361.0	364.0	367.0	370.0	373.0	375.0	377.0	379.0	381.0	383.0	385.0	387.0	388.0	390.0	391.0	392.0	394.0	395.0	396.0	397.0
86	3.0	38.0	86.0	129.0	165.0	195.0	219.0	239.0	256.0	270.0	282.0	293.0	302.0	311.0	318.0	325.0	330.0	336.0	341.0	345.0	349.0	353.0	356.0	359.0	362.0	365.0	368.0	370.0	372.0	374.0	376.0	378.0	380.0	382.0	383.0	385.0	386.0	388.0	389.0	390.0
87	3.0	38.0	86.0	129.0	165.0	195.0	219.0	239.0	256.0	270.0	282.0	293.0	302.0	311.0	318.0	325.0	330.0	336.0	341.0	345.0	349.0	353.0	356.0	359.0	362.0	365.0	368.0	370.0	372.0	374.0	376.0	378.0	380.0	382.0	383.0	385.0	386.0	388.0	389.0	390.0
88	2.0	30.0	74.0	116.0	151.0	181.0	205.0	226.0	243.0	258.0	271.0	282.0	292.0	301.0	309.0	316.0	322.0	328.0	333.0	337.0	342.0	346.0	349.0	353.0	356.0	359.0	362.0	364.0	367.0	369.0	371.0	373.0	375.0	377.0	378.0	380.0	382.0	383.0	384.0	386.0
89	2.0	30.0	74.0	116.0	151.0	181.0	205.0	226.0	243.0	258.0	271.0	282.0	292.0	301.0	309.0	316.0	322.0	328.0	333.0	337.0	342.0	346.0	349.0	353.0	356.0	359.0	362.0	364.0	367.0	369.0	371.0	373.0	375.0	377.0	378.0	380.0	382.0	383.0	384.0	386.0
90	7.0	58.0	114.0	160.0	196.0	224.0	247.0	265.0	281.0	294.0	305.0	314.0	323.0	330.0	336.0	342.0	347.0	352.0	356.0	360.0	363.0	367.0	370.0	372.0	375.0	377.0	379.0	381.0	383.0	385.0	387.0	388.0	390.0	391.0	393.0	394.0	395.0	396.0	397.0	398.0
91	2.0	30.0	74.0	116.0	151.0	181.0	205.0	226.0	243.0	258.0	271.0	282.0	292.0	301.0	309.0	316.0	322.0	328.0	333.0	337.0	342.0	346.0	349.0	353.0	356.0	359.0	362.0	364.0	367.0	369.0	371.0	373.0	375.0	377.0	378.0	380.0	382.0	383.0	384.0	386.0
92	7.0	58.0	114.0	160.0	196.0	224.0	247.0	265.0	281.0	294.0	305.0	314.0	323.0	330.0	336.0	342.0	347.0	352.0	356.0	360.0	363.0	367.0	370.0	372.0	375.0	377.0	379.0	381.0	383.0	385.0	387.0	388.0	390.0	391.0	393.0	394.0	395.0	396.0	397.0	398.0
93	8.0	62.0	119.0	165.0	201.0	229.0	252.0	270.0	285.0	298.0	309.0	318.0	326.0	333.0	339.0	345.0	350.0	355.0	359.0	362.0	366.0	369.0	372.0	374.0	377.0	379.0	381.0	383.0	385.0	387.0	389.0	390.0	392.0	393.0	394.0	395.0	397.0	398.0	399.0	400.0
94	3.0	38.0	86.0	129.0	165.0	195.0	219.0	239.0	256.0	270.0	282.0	293.0	302.0	311.0	318.0	325.0	330.0	336.0	341.0	345.0	349.0	353.0	356.0	359.0	362.0	365.0	368.0	370.0	372.0	374.0	376.0	378.0	380.0	382.0	383.0	385.0	386.0	388.0	389.0	390.0
95	7.0	58.0	114.0	160.0	196.0	224.0	247.0	265.0	281.0	294.0	305.0	314.0	323.0	330.0	336.0	342.0	347.0	352.0	356.0	360.0	363.0	367.0	370.0	372.0	375.0	377.0	379.0	381.0	383.0	385.0	387.0	388.0	390.0	391.0	393.0	394.0	395.0	396.0	397.0	398.0
96	8.0	62.0	119.0	165.0	201.0	229.0	252.0	270.0	285.0	298.0	309.0	318.0	326.0	333.0	339.0	345.0	350.0	355.0	359.0	362.0	366.0	369.0	372.0	374.0	377.0	379.0	381.0	383.0	385.0	387.0	389.0	390.0	392.0	393.0	394.0	395.0	397.0	398.0	399.0	400.0
97	9.0	66.0	124.0	171.0	206.0	234.0	256.0	274.0	289.0	302.0	312.0	321.0	329.0	336.0	342.0	348.0	353.0	357.0	361.0	365.0	368.0	371.0	374.0	376.0	379.0	381.0	383.0	385.0	387.0	389.0	390.0	392.0	393.0	394.0	396.0	397.0	398.0	399.0	400.0	401.0
98	8.0	62.0	119.0	165.0	201.0	229.0	252.0	270.0	285.0	298.0	309.0	318.0	326.0	333.0	339.0	345.0	350.0	355.0	359.0	362.0	366.0	369.0	372.0	374.0	377.0	379.0	381.0	383.0	385.0	387.0	389.0	390.0	392.0	393.0	394.0	395.0	397.0	398.0	399.0	400.0
99	3.0	38.0	86.0	129.0	165.0	195.0	219.0	239.0	256.0	270.0	282.0	293.0	302.0	311.0	318.0	325.0	330.0	336.0	341.0	345.0	349.0	353.0	356.0	359.0	362.0	365.0	368.0	370.0	372.0	374.0	376.0	378.0	380.0	382.0	383.0	385.0	386.0	388.0	389.0	390.0
100	6.0	54.0	108.0	154.0	190.0	219.0	242.0	261.0	276.0	290.0	301.0	311.0	319.0	327.0	333.0	339.0	344.0	349.0	353.0	357.0	361.0	364.0	367.0	370.0	373.0	375.0	377.0	379.0	381.0	383.0	385.0	387.0	388.0	390.0	391.0	392.0	394.0	395.0	396.0	397.0
101	9.0	66.0	124.0	171.0	206.0	234.0	256.0	274.0	289.0	302.0	312.0	321.0	329.0	336.0	342.0	348.0	353.0	357.0	361.0	365.0	368.0	371.0	374.0	376.0	379.0	381.0	383.0	385.0	387.0	389.0	390.0	392.0	393.0	394.0	396.0	397.0	398.0	399.0	400.0	401.0
102	5.0	50.0	103.0	148.0	184.0	213.0	236.0	256.0	272.0	285.0	297.0	307.0	315.0	323.0	330.0	336.0	341.0	346.0	351.0	355.0	358.0	362.0	365.0	368.0	370.0	373.0	375.0	377.0	379.0	381.0	383.0	385.0	386.0	388.0	389.0	391.0	392.0	393.0	394.0	395.0
103	4.0	42.0	92.0	136.0	172.0	201.0	225.0	245.0	261.0	275.0	287.0	298.0	307.0	315.0	322.0	329.0	334.0	339.0	344.0	348.0	352.0	356.0	359.0	362.0	365.0	368.0	370.0	373.0	375.0	377.0	379.0	381.0	382.0	384.0	385.0	387.0	388.0	390.0	391.0	392.0
104	2.0	30.0	74.0	116.0	151.0	181.0	205.0	226.0	243.0	258.0	271.0	282.0	292.0	301.0	309.0	316.0	322.0	328.0	333.0	337.0	342.0	346.0	349.0	353.0	356.0	359.0	362.0	364.0	367.0	369.0	371.0	373.0	375.0	377.0	378.0	380.0	382.0	383.0	384.0	386.0
105	4.0	42.0	92.0	136.0	172.0	201.0	225.0	245.0	261.0	275.0	287.0	298.0	307.0	315.0	322.0	329.0	334.0	339.0	344.0	348.0	352.0	356.0	359.0	362.0	365.0	368.0	370.0	373.0	375.0	377.0	379.0	381.0	382.0	384.0	385.0	387.0	388.0	390.0	391.0	392.0
106	7.0	58.0	114.0	160.0	196.0	224.0	247.0	265.0	281.0	294.0	305.0	314.0	323.0	330.0	336.0	342.0	347.0	352.0	356.0	360.0	363.0	367.0	370.0	372.0	375.0	377.0	379.0	381.0	383.0	385.0	387.0	388.0	390.0	391.0	393.0	394.0	395.0	396.0	397.0	398.0
107	7.0	58.0	114.0	160.0	196.0	224.0	247.0	265.0	281.0	294.0	305.0	314.0	323.0	330.0	336.0	342.0	347.0	352.0	356.0	360.0	363.0	367.0	370.0	372.0	375.0	377.0	379.0	381.0	383.0	385.0	387.0	388.0	390.0	391.0	393.0	394.0	395.0	396.0	397.0	398.0
108	9.0	66.0	124.0	171.0	206.0	234.0	256.0	274.0	289.0	302.0	312.0	321.0	329.0	336.0	342.0	348.0	353.0	357.0	361.0	365.0	368.0	371.0	374.0	376.0	379.0	381.0	383.0	385.0	387.0	389.0	390.0	392.0	393.0	394.0	396.0	397.0	398.0	399.0	400.0	401.0
109	4.0	46.0	97.0	142.0	178.0	207.0	231.0	250.0	267.0	280.0	292.0	302.0	311.0	319.0	326.0	332.0	338.0	343.0	347.0	352.0	355.0	359.0	362.0	365.0	368.0	370.0	373.0	375.0	377.0	379.0	381.0	383.0	384.0	386.0	387.0	389.0	390.0	391.0	393.0	394.0
110	8.0	62.0	119.0	165.0	201.0	229.0	252.0	270.0	285.0	298.0	309.0	318.0	326.0	333.0	339.0	345.0	350.0	355.0	359.0	362.0	366.0	369.0	372.0	374.0	377.0	379.0	381.0	383.0	385.0	387.0	389.0	390.0	392.0	393.0	394.0	395.0	397.0	398.0	399.0	400.0
111	4.0	42.0	92.0	136.0	172.0	201.0	225.0	245.0	261.0	275.0	287.0	298.0	307.0	315.0	322.0	329.0	334.0	339.0	344.0	348.0	352.0	356.0	359.0	362.0	365.0	368.0	370.0	373.0	375.0	377.0	379.0	381.0	382.0	384.0	385.0	387.0	388.0	390.0	391.0	392.0
112	9.0	66.0	124.0	171.0	206.0	234.0	256.0	274.0	289.0	302.0	312.0	321.0	329.0	336.0	342.0	348.0	353.0	357.0	361.0	365.0	368.0	371.0	374.0	376.0	379.0	381.0	383.0	385.0	387.0	389.0	390.0	392.0	393.0	394.0	396.0	397.0	398.0	399.0	400.0	401.0
113	6.0	54.0	108.0	154.0	190.0	219.0	242.0	261.0	276.0	290.0	301.0	311.0	319.0	327.0	333.0	339.0	344.0	349.0	353.0	357.0	361.0	364.0	367.0	370.0	373.0	375.0	377.0	379.0	381.0	383.0	385.0	387.0	388.0	390.0	391.0	392.0	394.0	395.0	396.0	397.0
114	4.0	42.0	92.0	136.0	172.0	201.0	225.0	245.0	261.0	275.0	287.0	298.0	307.0	315.0	322.0	329.0	334.0	339.0	344.0	348.0	352.0	356.0	359.0	362.0	365.0	368.0	370.0	373.0	375.0	377.0	379.0	381.0	382.0	384.0	385.0	387.0	388.0	390.0	391.0	392.0
115	7.0	58.0	114.0	160.0	196.0	224.0	247.0	265.0	281.0	294.0	305.0	314.0	323.0	330.0	336.0	342.0	347.0	352.0	356.0	360.0	363.0	367.0	370.0	372.0	375.0	377.0	379.0	381.0	383.0	385.0	387.0	388.0	390.0	391.0	393.0	394.0	395.0	396.0	397.0	398.0
116	3.0	38.0	86.0	129.0	165.0	195.0	219.0	239.0	256.0	270.0	282.0	293.0	302.0	311.0	318.0	325.0	330.0	336.0	341.0	345.0	349.0	353.0	356.0	359.0	362.0	365.0	368.0	370.0	372.0	374.0	376.0	378.0	380.0	382.0	383.0	385.0	386.0	388.0	389.0	390.0
117	3.0	38.0	86.0	129.0	165.0	195.0	219.0	239.0	256.0	270.0	282.0	293.0	302.0	311.0	318.0	325.0	330.0	336.0	341.0	345.0	349.0	353.0	356.0	359.0	362.0	365.0	368.0	370.0	372.0	374.0	376.0	378.0	380.0	382.0	383.0	385.0	386.0	388.0	389.0	390.0
118	2.0	30.0	74.0	116.0	151.0	181.0	205.0	226.0	243.0	258.0	271.0	282.0	292.0	301.0	309.0	316.0	322.0	328.0	333.0	337.0	342.0	346.0	349.0	353.0	356.0	359.0	362.0	364.0	367.0	369.0	371.0	373.0	375.0	377.0	378.0	380.0	382.0	383.0	384.0	386.0
119	4.0	42.0	92.0	136.0	172.0	201.0	225.0	245.0	261.0	275.0	287.0	298.0	307.0	315.0	322.0	329.0	334.0	339.0	344.0	348.0	352.0	356.0	359.0	362.0	365.0	368.0	370.0	373.0	375.0	377.0	379.0	381.0	382.0	384.0	385.0	387.0	388.0	390.0	391.0	392.0
120	2.0	34.0	80.0	123.0	158.0	188.0	212.0	233.0	250.0	264.0	277.0	288.0	297.0	306.0	313.0	320.0	326.0	332.0	337.0	341.0	346.0	349.0	353.0	356.0	359.0	362.0	365.0	367.0	370.0	372.0	374.0	376.0	378.0	379.0	381.0	382.0	384.0	385.0	387.0	388.0
121	4.0	46.0	97.0	142.0	178.0	207.0	231.0	250.0	267.0	280.0	292.0	302.0	311.0	319.0	326.0	332.0	338.0	343.0	347.0	352.0	355.0	359.0	362.0	365.0	368.0	370.0	373.0	375.0	377.0	379.0	381.0	383.0	384.0	386.0	387.0	389.0	390.0	391.0	393.0	394.0
122	2.0	30.0	74.0	116.0	151.0	181.0	205.0	226.0	243.0	258.0	271.0	282.0	292.0	301.0	309.0	316.0	322.0	328.0	333.0	337.0	342.0	346.0	349.0	353.0	356.0	359.0	362.0	364.0	367.0	369.0	371.0	373.0	375.0	377.0	378.0	380.0	382.0	383.0	384.0	386.0
123	3.0	38.0	86.0	129.0	165.0	195.0	219.0	239.0	256.0	270.0	282.0	293.0	302.0	311.0	318.0	325.0	330.0	336.0	341.0	345.0	349.0	353.0	356.0	359.0	362.0	365.0	368.0	370.0	372.0	374.0	376.0	378.0	380.0	382.0	383.0	385.0	386.0	388.0	389.0	390.0
124	4.0	42.0	92.0	136.0	172.0	201.0	225.0	245.0	261.0	275.0	287.0	298.0	307.0	315.0	322.0	329.0	334.0	339.0	344.0	348.0	352.0	356.0	359.0	362.0	365.0	368.0	370.0	373.0	375.0	377.0	379.0	381.0	382.0	384.0	385.0	387.0	388.0	390.0	391.0	392.0
125	7.0	58.0	114.0	160.0	196.0	224.0	247.0	265.0	281.0	294.0	305.0	314.0	323.0	330.0	336.0	342.0	347.0	352.0	356.0	360.0	363.0	367.0	370.0	372.0	375.0	377.0	379.0	381.0	383.0	385.0	387.0	388.0	390.0	391.0	393.0	394.0	395.0	396.0	397.0	398.0
126	4.0	42.0	92.0	136.0	172.0	201.0	225.0	245.0	261.0	275.0	287.0	298.0	307.0	315.0	322.0	329.0	334.0	339.0	344.0	348.0	352.0	356.0	359.0	362.0	365.0	368.0	370.0	373.0	375.0	377.0	379.0	381.0	382.0	384.0	385.0	387.0	388.0	390.0	391.0	392.0
127	8.0	62.0	119.0	165.0	201.0	229.0	252.0	270.0	285.0	298.0	309.0	318.0	326.0	333.0	339.0	345.0	350.0	355.0	359.0	362.0	366.0	369.0	372.0	374.0	377.0	379.0	381.0	383.0	385.0	387.0	389.0	390.0	392.0	393.0	394.0	395.0	397.0	398.0	399.0	400.0
128	8.0	62.0	119.0	165.0	201.0	229.0	252.0	270.0	285.0	298.0	309.0	318.0	326.0	333.0	339.0	345.0	350.0	355.0	359.0	362.0	366.0	369.0	372.0	374.0	377.0	379.0	381.0	383.0	385.0	387.0	389.0	390.0	392.0	393.0	394.0	395.0	397.0	398.0	399.0	400.0
129	2.0	34.0	80.0	123.0	158.0	188.0	212.0	233.0	250.0	264.0	277.0	288.0	297.0	306.0	313.0	320.0	326.0	332.0	337.0	341.0	346.0	349.0	353.0	356.0	359.0	362.0	365.0	367.0	370.0	372.0	374.0	376.0	378.0	379.0	381.0	382.0	384.0	385.0	387.0	388.0
130	4.0	46.0	97.0	142.0	178.0	207.0	231.0	250.0	267.0	280.0	292.0	302.0	311.0	319.0	326.0	332.0	338.0	343.0	347.0	352.0	355.0	359.0	362.0	365.0	368.0	370.0	373.0	375.0	377.0	379.0	381.0	383.0	384.0	386.0	387.0	389.0	390.0	391.0	393.0	394.0
131	4.0	42.0	92.0	136.0	172.0	201.0	225.0	245.0	261.0	275.0	287.0	298.0	307.0	315.0	322.0	329.0	334.0	339.0	344.0	348.0	352.0	356.0	359.0	362.0	365.0	368.0	370.0	373.0	375.0	377.0	379.0	381.0	382.0	384.0	385.0	387.0	388.0	390.0	391.0	392.0
132	6.0	54.0	108.0	154.0	190.0	219.0	242.0	261.0	276.0	290.0	301.0	311.0	319.0	327.0	333.0	339.0	344.0	349.0	353.0	357.0	361.0	364.0	367.0	370.0	373.0	375.0	377.0	379.0	381.0	383.0	385.0	387.0	388.0	390.0	391.0	392.0	394.0	395.0	396.0	397.0
133	4.0	42.0	92.0	136.0	172.0	201.0	225.0	245.0	261.0	275.0	287.0	298.0	307.0	315.0	322.0	329.0	334.0	339.0	344.0	348.0	352.0	356.0	359.0	362.0	365.0	368.0	370.0	373.0	375.0	377.0	379.0	381.0	382.0	384.0	385.0	387.0	388.0	390.0	391.0	392.0
134	8.0	62.0	119.0	165.0	201.0	229.0	252.0	270.0	285.0	298.0	309.0	318.0	326.0	333.0	339.0	345.0	350.0	355.0	359.0	362.0	366.0	369.0	372.0	374.0	377.0	379.0	381.0	383.0	385.0	387.0	389.0	390.0	392.0	393.0	394.0	395.0	397.0	398.0	399.0	400.0
135	7.0	58.0	114.0	160.0	196.0	224.0	247.0	265.0	281.0	294.0	305.0	314.0	323.0	330.0	336.0	342.0	347.0	352.0	356.0	360.0	363.0	367.0	370.0	372.0	375.0	377.0	379.0	381.0	383.0	385.0	387.0	388.0	390.0	391.0	393.0	394.0	395.0	396.0	397.0	398.0
136	9.0	66.0	124.0	171.0	206.0	234.0	256.0	274.0	289.0	302.0	312.0	321.0	329.0	336.0	342.0	348.0	353.0	357.0	361.0	365.0	368.0	371.0	374.0	376.0	379.0	381.0	383.0	385.0	387.0	389.0	390.0	392.0	393.0	394.0	396.0	397.0	398.0	399.0	400.0	401.0
137	3.0	38.0	86.0	129.0	165.0	195.0	219.0	239.0	256.0	270.0	282.0	293.0	302.0	311.0	318.0	325.0	330.0	336.0	341.0	345.0	349.0	353.0	356.0	359.0	362.0	365.0	368.0	370.0	372.0	374.0	376.0	378.0	380.0	382.0	383.0	385.0	386.0	388.0	389.0	390.0
138	6.0	54.0	108.0	154.0	190.0	219.0	242.0	261.0	276.0	290.0	301.0	311.0	319.0	327.0	333.0	339.0	344.0	349.0	353.0	357.0	361.0	364.0	367.0	370.0	373.0	375.0	377.0	379.0	381.0	383.0	385.0	387.0	388.0	390.0	391.0	392.0	394.0	395.0	396.0	397.0
139	4.0	42.0	92.0	136.0	172.0	201.0	225.0	245.0	261.0	275.0	287.0	298.0	307.0	315.0	322.0	329.0	334.0	339.0	344.0	348.0	352.0	356.0	359.0	362.0	365.0	368.0	370.0	373.0	375.0	377.0	379.0	381.0	382.0	384.0	385.0	387.0	388.0	390.0	391.0	392.0
140	2.0	30.0	74.0	116.0	151.0	181.0	205.0	226.0	243.0	258.0	271.0	282.0	292.0	301.0	309.0	316.0	322.0	328.0	333.0	337.0	342.0	346.0	349.0	353.0	356.0	359.0	362.0	364.0	367.0	369.0	371.0	373.0	375.0	377.0	378.0	380.0	382.0	383.0	384.0	386.0
141	3.0	38.0	86.0	129.0	165.0	195.0	219.0	239.0	256.0	270.0	282.0	293.0	302.0	311.0	318.0	325.0	330.0	336.0	341.0	345.0	349.0	353.0	356.0	359.0	362.0	365.0	368.0	370.0	372.0	374.0	376.0	378.0	380.0	382.0	383.0	385.0	386.0	388.0	389.0	390.0
142	6.0	54.0	108.0	154.0	190.0	219.0	242.0	261.0	276.0	290.0	301.0	311.0	319.0	327.0	333.0	339.0	344.0	349.0	353.0	357.0	361.0	364.0	367.0	370.0	373.0	375.0	377.0	379.0	381.0	383.0	385.0	387.0	388.0	390.0	391.0	392.0	394.0	395.0	396.0	397.0
143	2.0	30.0	74.0	116.0	151.0	181.0	205.0	226.0	243.0	258.0	271.0	282.0	292.0	301.0	309.0	316.0	322.0	328.0	333.0	337.0	342.0	346.0	349.0	353.0	356.0	359.0	362.0	364.0	367.0	369.0	371.0	373.0	375.0	377.0	378.0	380.0	382.0	383.0	384.0	386.0
144	8.0	62.0	119.0	165.0	201.0	229.0	252.0	270.0	285.0	298.0	309.0	318.0	326.0	333.0	339.0	345.0	350.0	355.0	359.0	362.0	366.0	369.0	372.0	374.0	377.0	379.0	381.0	383.0	385.0	387.0	389.0	390.0	392.0	393.0	394.0	395.0	397.0	398.0	399.0	400.0
145	3.0	38.0	86.0	129.0	165.0	195.0	219.0	239.0	256.0	270.0	282.0	293.0	302.0	311.0	318.0	325.0	330.0	336.0	341.0	345.0	349.0	353.0	356.0	359.0	362.0	365.0	368.0	370.0	372.0	374.0	376.0	378.0	380.0	382.0	383.0	385.0	386.0	388.0	389.0	390.0
146	6.0	54.0	108.0	154.0	190.0	219.0	242.0	261.0	276.0	290.0	301.0	311.0	319.0	327.0	333.0	339.0	344.0	349.0	353.0	357.0	361.0	364.0	367.0	370.0	373.0	375.0	377.0	379.0	381.0	383.0	385.0	387.0	388.0	390.0	391.0	392.0	394.0	395.0	396.0	397.0
147	8.0	62.0	119.0	165.0	201.0	229.0	252.0	270.0	285.0	298.0	309.0	318.0	326.0	333.0	339.0	345.0	350.0	355.0	359.0	362.0	366.0	369.0	372.0	374.0	377.0	379.0	381.0	383.0	385.0	387.0	389.0	390.0	392.0	393.0	394.0	395.0	397.0	398.0	399.0	400.0
148	2.0	30.0	74.0	116.0	151.0	181.0	205.0	226.0	243.0	258.0	271.0	282.0	292.0	301.0	309.0	316.0	322.0	328.0	333.0	337.0	342.0	346.0	349.0	353.0	356.0	359.0	362.0	364.0	367.0	369.0	371.0	373.0	375.0	377.0	378.0	380.0	382.0	383.0	384.0	386.0
149	6.0	54.0	108.0	154.0	190.0	219.0	242.0	261.0	276.0	290.0	301.0	311.0	319.0	327.0	333.0	339.0	344.0	349.0	353.0	357.0	361.0	364.0	367.0	370.0	373.0	375.0	377.0	379.0	381.0	383.0	385.0	387.0	388.0	390.0	391.0	392.0	394.0	395.0	396.0	397.0
150	8.0	62.0	119.0	165.0	201.0	229.0	252.0	270.0	285.0	298.0	309.0	318.0	326.0	333.0	339.0	345.0	350.0	355.0	359.0	362.0	366.0	369.0	372.0	374.0	377.0	379.0	381.0	383.0	385.0	387.0	389.0	390.0	392.0	393.0	394.0	395.0	397.0	398.0	399.0	400.0
151	5.0	50.0	103.0	148.0	184.0	213.0	236.0	256.0	272.0	285.0	297.0	307.0	315.0	323.0	330.0	336.0	341.0	346.0	351.0	355.0	358.0	362.0	365.0	368.0	370.0	373.0	375.0	377.0	379.0	381.0	383.0	385.0	386.0	388.0	389.0	391.0	392.0	393.0	394.0	395.0
152	8.0	62.0	119.0	165.0	201.0	229.0	252.0	270.0	285.0	298.0	309.0	318.0	326.0	333.0	339.0	345.0	350.0	355.0	359.0	362.0	366.0	369.0	372.0	374.0	377.0	379.0	381.0	383.0	385.0	387.0	389.0	390.0	392.0	393.0	394.0	395.0	397.0	398.0	399.0	400.0
153	2.0	30.0	74.0	116.0	151.0	181.0	205.0	226.0	243.0	258.0	271.0	282.0	292.0	301.0	309.0	316.0	322.0	328.0	333.0	337.0	342.0	346.0	349.0	353.0	356.0	359.0	362.0	364.0	367.0	369.0	371.0	373.0	375.0	377.0	378.0	380.0	382.0	383.0	384.0	386.0
154	2.0	34.0	80.0	123.0	158.0	188.0	212.0	233.0	250.0	264.0	277.0	288.0	297.0	306.0	313.0	320.0	326.0	332.0	337.0	341.0	346.0	349.0	353.0	356.0	359.0	362.0	365.0	367.0	370.0	372.0	374.0	376.0	378.0	379.0	381.0	382.0	384.0	385.0	387.0	388.0
155	5.0	50.0	103.0	148.0	184.0	213.0	236.0	256.0	272.0	285.0	297.0	307.0	315.0	323.0	330.0	336.0	341.0	346.0	351.0	355.0	358.0	362.0	365.0	368.0	370.0	373.0	375.0	377.0	379.0	381.0	383.0	385.0	386.0	388.0	389.0	391.0	392.0	393.0	394.0	395.0
156	6.0	54.0	108.0	154.0	190.0	219.0	242.0	261.0	276.0	290.0	301.0	311.0	319.0	327.0	333.0	339.0	344.0	349.0	353.0	357.0	361.0	364.0	367.0	370.0	373.0	375.0	377.0	379.0	381.0	383.0	385.0	387.0	388.0	390.0	391.0	392.0	394.0	395.0	396.0	397.0
157	2.0	30.0	74.0	116.0	151.0	181.0	205.0	226.0	243.0	258.0	271.0	282.0	292.0	301.0	309.0	316.0	322.0	328.0	333.0	337.0	342.0	346.0	349.0	353.0	356.0	359.0	362.0	364.0	367.0	369.0	371.0	373.0	375.0	377.0	378.0	380.0	382.0	383.0	384.0	386.0
158	4.0	42.0	92.0	136.0	172.0	201.0	225.0	245.0	261.0	275.0	287.0	298.0	307.0	315.0	322.0	329.0	334.0	339.0	344.0	348.0	352.0	356.0	359.0	362.0	365.0	368.0	370.0	373.0	375.0	377.0	379.0	381.0	382.0	384.0	385.0	387.0	388.0	390.0	391.0	392.0
159	2.0	34.0	80.0	123.0	158.0	188.0	212.0	233.0	250.0	264.0	277.0	288.0	297.0	306.0	313.0	320.0	326.0	332.0	337.0	341.0	346.0	349.0	353.0	356.0	359.0	362.0	365.0	367.0	370.0	372.0	374.0	376.0	378.0	379.0	381.0	382.0	384.0	385.0	387.0	388.0
160	7.0	58.0	114.0	160.0	196.0	224.0	247.0	265.0	281.0	294.0	305.0	314.0	323.0	330.0	336.0	342.0	347.0	352.0	356.0	360.0	363.0	367.0	370.0	372.0	375.0	377.0	379.0	381.0	383.0	385.0	387.0	388.0	390.0	391.0	393.0	394.0	395.0	396.0	397.0	398.0
161	8.0	62.0	119.0	165.0	201.0	229.0	252.0	270.0	285.0	298.0	309.0	318.0	326.0	333.0	339.0	345.0	350.0	355.0	359.0	362.0	366.0	369.0	372.0	374.0	377.0	379.0	381.0	383.0	385.0	387.0	389.0	390.0	392.0	393.0	394.0	395.0	397.0	398.0	399.0	400.0
162	2.0	34.0	80.0	123.0	158.0	188.0	212.0	233.0	250.0	264.0	277.0	288.0	297.0	306.0	313.0	320.0	326.0	332.0	337.0	341.0	346.0	349.0	353.0	356.0	359.0	362.0	365.0	367.0	370.0	372.0	374.0	376.0	378.0	379.0	381.0	382.0	384.0	385.0	387.0	388.0
163	5.0	50.0	103.0	148.0	184.0	213.0	236.0	256.0	272.0	285.0	297.0	307.0	315.0	323.0	330.0	336.0	341.0	346.0	351.0	355.0	358.0	362.0	365.0	368.0	370.0	373.0	375.0	377.0	379.0	381.0	383.0	385.0	386.0	388.0	389.0	391.0	392.0	393.0	394.0	395.0
164	6.0	54.0	108.0	154.0	190.0	219.0	242.0	261.0	276.0	290.0	301.0	311.0	319.0	327.0	333.0	339.0	344.0	349.0	353.0	357.0	361.0	364.0	367.0	370.0	373.0	375.0	377.0	379.0	381.0	383.0	385.0	387.0	388.0	390.0	391.0	392.0	394.0	395.0	396.0	397.0
165	3.0	38.0	86.0	129.0	165.0	195.0	219.0	239.0	256.0	270.0	282.0	293.0	302.0	311.0	318.0	325.0	330.0	336.0	341.0	345.0	349.0	353.0	356.0	359.0	362.0	365.0	368.0	370.0	372.0	374.0	376.0	378.0	380.0	382.0	383.0	385.0	386.0	388.0	389.0	390.0
166	8.0	62.0	119.0	165.0	201.0	229.0	252.0	270.0	285.0	298.0	309.0	318.0	326.0	333.0	339.0	345.0	350.0	355.0	359.0	362.0	366.0	369.0	372.0	374.0	377.0	379.0	381.0	383.0	385.0	387.0	389.0	390.0	392.0	393.0	394.0	395.0	397.0	398.0	399.0	400.0
167	5.0	50.0	103.0	148.0	184.0	213.0	236.0	256.0	272.0	285.0	297.0	307.0	315.0	323.0	330.0	336.0	341.0	346.0	351.0	355.0	358.0	362.0	365.0	368.0	370.0	373.0	375.0	377.0	379.0	381.0	383.0	385.0	386.0	388.0	389.0	391.0	392.0	393.0	394.0	395.0
168	9.0	66.0	124.0	171.0	206.0	234.0	256.0	274.0	289.0	302.0	312.0	321.0	329.0	336.0	342.0	348.0	353.0	357.0	361.0	365.0	368.0	371.0	374.0	376.0	379.0	381.0	383.0	385.0	387.0	389.0	390.0	392.0	393.0	394.0	396.0	397.0	398.0	399.0	400.0	401.0
169	7.0	58.0	114.0	160.0	196.0	224.0	247.0	265.0	281.0	294.0	305.0	314.0	323.0	330.0	336.0	342.0	347.0	352.0	356.0	360.0	363.0	367.0	370.0	372.0	375.0	377.0	379.0	381.0	383.0	385.0	387.0	388.0	390.0	391.0	393.0	394.0	395.0	396.0	397.0	398.0
170	7.0	58.0	114.0	160.0	196.0	224.0	247.0	265.0	281.0	294.0	305.0	314.0	323.0	330.0	336.0	342.0	347.0	352.0	356.0	360.0	363.0	367.0	370.0	372.0	375.0	377.0	379.0	381.0	383.0	385.0	387.0	388.0	390.0	391.0	393.0	394.0	395.0	396.0	397.0	398.0
171	8.0	62.0	119.0	165.0	201.0	229.0	252.0	270.0	285.0	298.0	309.0	318.0	326.0	333.0	339.0	345.0	350.0	355.0	359.0	362.0	366.0	369.0	372.0	374.0	377.0	379.0	381.0	383.0	385.0	387.0	389.0	390.0	392.0	393.0	394.0	395.0	397.0	398.0	399.0	400.0
172	2.0	30.0	74.0	116.0	151.0	181.0	205.0	226.0	243.0	258.0	271.0	282.0	292.0	301.0	309.0	316.0	322.0	328.0	333.0	337.0	342.0	346.0	349.0	353.0	356.0	359.0	362.0	364.0	367.0	369.0	371.0	373.0	375.0	377.0	378.0	380.0	382.0	383.0	384.0	386.0
173	2.0	34.0	80.0	123.0	158.0	188.0	212.0	233.0	250.0	264.0	277.0	288.0	297.0	306.0	313.0	320.0	326.0	332.0	337.0	341.0	346.0	349.0	353.0	356.0	359.0	362.0	365.0	367.0	370.0	372.0	374.0	376.0	378.0	379.0	381.0	382.0	384.0	385.0	387.0	388.0
174	6.0	54.0	108.0	154.0	190.0	219.0	242.0	261.0	276.0	290.0	301.0	311.0	319.0	327.0	333.0	339.0	344.0	349.0	353.0	357.0	361.0	364.0	367.0	370.0	373.0	375.0	377.0	379.0	381.0	383.0	385.0	387.0	388.0	390.0	391.0	392.0	394.0	395.0	396.0	397.0
175	5.0	50.0	103.0	148.0	184.0	213.0	236.0	256.0	272.0	285.0	297.0	307.0	315.0	323.0	330.0	336.0	341.0	346.0	351.0	355.0	358.0	362.0	365.0	368.0	370.0	373.0	375.0	377.0	379.0	381.0	383.0	385.0	386.0	388.0	389.0	391.0	392.0	393.0	394.0	395.0
176	2.0	34.0	80.0	123.0	158.0	188.0	212.0	233.0	250.0	264.0	277.0	288.0	297.0	306.0	313.0	320.0	326.0	332.0	337.0	341.0	346.0	349.0	353.0	356.0	359.0	362.0	365.0	367.0	370.0	372.0	374.0	376.0	378.0	379.0	381.0	382.0	384.0	385.0	387.0	388.0
177	7.0	58.0	114.0	160.0	196.0	224.0	247.0	265.0	281.0	294.0	305.0	314.0	323.0	330.0	336.0	342.0	347.0	352.0	356.0	360.0	363.0	367.0	370.0	372.0	375.0	377.0	379.0	381.0	383.0	385.0	387.0	388.0	390.0	391.0	393.0	394.0	395.0	396.0	397.0	398.0
178	4.0	46.0	97.0	142.0	178.0	207.0	231.0	250.0	267.0	280.0	292.0	302.0	311.0	319.0	326.0	332.0	338.0	343.0	347.0	352.0	355.0	359.0	362.0	365.0	368.0	370.0	373.0	375.0	377.0	379.0	381.0	383.0	384.0	386.0	387.0	389.0	390.0	391.0	393.0	394.0
179	9.0	66.0	124.0	171.0	206.0	234.0	256.0	274.0	289.0	302.0	312.0	321.0	329.0	336.0	342.0	348.0	353.0	357.0	361.0	365.0	368.0	371.0	374.0	376.0	379.0	381.0	383.0	385.0	387.0	389.0	390.0	392.0	393.0	394.0	396.0	397.0	398.0	399.0	400.0	401.0
180	3.0	38.0	86.0	129.0	165.0	195.0	219.0	239.0	256.0	270.0	282.0	293.0	302.0	311.0	318.0	325.0	330.0	336.0	341.0	345.0	349.0	353.0	356.0	359.0	362.0	365.0	368.0	370.0	372.0	374.0	376.0	378.0	380.0	382.0	383.0	385.0	386.0	388.0	389.0	390.0
181	6.0	54.0	108.0	154.0	190.0	219.0	242.0	261.0	276.0	290.0	301.0	311.0	319.0	327.0	333.0	339.0	344.0	349.0	353.0	357.0	361.0	364.0	367.0	370.0	373.0	375.0	377.0	379.0	381.0	383.0	385.0	387.0	388.0	390.0	391.0	392.0	394.0	395.0	396.0	397.0
182	8.0	62.0	119.0	165.0	201.0	229.0	252.0	270.0	285.0	298.0	309.0	318.0	326.0	333.0	339.0	345.0	350.0	355.0	359.0	362.0	366.0	369.0	372.0	374.0	377.0	379.0	381.0	383.0	385.0	387.0	389.0	390.0	392.0	393.0	394.0	395.0	397.0	398.0	399.0	400.0
183	9.0	66.0	124.0	171.0	206.0	234.0	256.0	274.0	289.0	302.0	312.0	321.0	329.0	336.0	342.0	348.0	353.0	357.0	361.0	365.0	368.0	371.0	374.0	376.0	379.0	381.0	383.0	385.0	387.0	389.0	390.0	392.0	393.0	394.0	396.0	397.0	398.0	399.0	400.0	401.0
184	9.0	66.0	124.0	171.0	206.0	234.0	256.0	274.0	289.0	302.0	312.0	321.0	329.0	336.0	342.0	348.0	353.0	357.0	361.0	365.0	368.0	371.0	374.0	376.0	379.0	381.0	383.0	385.0	387.0	389.0	390.0	392.0	393.0	394.0	396.0	397.0	398.0	399.0	400.0	401.0
185	4.0	42.0	92.0	136.0	172.0	201.0	225.0	245.0	261.0	275.0	287.0	298.0	307.0	315.0	322.0	329.0	334.0	339.0	344.0	348.0	352.0	356.0	359.0	362.0	365.0	368.0	370.0	373.0	375.0	377.0	379.0	381.0	382.0	384.0	385.0	387.0	388.0	390.0	391.0	392.0
186	2.0	34.0	80.0	123.0	158.0	188.0	212.0	233.0	250.0	264.0	277.0	288.0	297.0	306.0	313.0	320.0	326.0	332.0	337.0	341.0	346.0	349.0	353.0	356.0	359.0	362.0	365.0	367.0	370.0	372.0	374.0	376.0	378.0	379.0	381.0	382.0	384.0	385.0	387.0	388.0
187	9.0	66.0	124.0	171.0	206.0	234.0	256.0	274.0	289.0	302.0	312.0	321.0	329.0	336.0	342.0	348.0	353.0	357.0	361.0	365.0	368.0	371.0	374.0	376.0	379.0	381.0	383.0	385.0	387.0	389.0	390.0	392.0	393.0	394.0	396.0	397.0	398.0	399.0	400.0	401.0
188	6.0	54.0	108.0	154.0	190.0	219.0	242.0	261.0	276.0	290.0	301.0	311.0	319.0	327.0	333.0	339.0	344.0	349.0	353.0	357.0	361.0	364.0	367.0	370.0	373.0	375.0	377.0	379.0	381.0	383.0	385.0	387.0	388.0	390.0	391.0	392.0	394.0	395.0	396.0	397.0
189	8.0	62.0	119.0	165.0	201.0	229.0	252.0	270.0	285.0	298.0	309.0	318.0	326.0	333.0	339.0	345.0	350.0	355.0	359.0	362.0	366.0	369.0	372.0	374.0	377.0	379.0	381.0	383.0	385.0	387.0	389.0	390.0	392.0	393.0	394.0	395.0	397.0	398.0	399.0	400.0
190	2.0	30.0	74.0	116.0	151.0	181.0	205.0	226.0	243.0	258.0	271.0	282.0	292.0	301.0	309.0	316.0	322.0	328.0	333.0	337.0	342.0	346.0	349.0	353.0	356.0	359.0	362.0	364.0	367.0	369.0	371.0	373.0	375.0	377.0	378.0	380.0	382.0	383.0	384.0	386.0
191	5.0	50.0	103.0	148.0	184.0	213.0	236.0	256.0	272.0	285.0	297.0	307.0	315.0	323.0	330.0	336.0	341.0	346.0	351.0	355.0	358.0	362.0	365.0	368.0	370.0	373.0	375.0	377.0	379.0	381.0	383.0	385.0	386.0	388.0	389.0	391.0	392.0	393.0	394.0	395.0
192	6.0	54.0	108.0	154.0	190.0	219.0	242.0	261.0	276.0	290.0	301.0	311.0	319.0	327.0	333.0	339.0	344.0	349.0	353.0	357.0	361.0	364.0	367.0	370.0	373.0	375.0	377.0	379.0	381.0	383.0	385.0	387.0	388.0	390.0	391.0	392.0	394.0	395.0	396.0	397.0
193	5.0	50.0	103.0	148.0	184.0	213.0	236.0	256.0	272.0	285.0	297.0	307.0	315.0	323.0	330.0	336.0	341.0	346.0	351.0	355.0	358.0	362.0	365.0	368.0	370.0	373.0	375.0	377.0	379.0	381.0	383.0	385.0	386.0	388.0	389.0	391.0	392.0	393.0	394.0	395.0
194	2.0	34.0	80.0	123.0	158.0	188.0	212.0	233.0	250.0	264.0	277.0	288.0	297.0	306.0	313.0	320.0	326.0	332.0	337.0	341.0	346.0	349.0	353.0	356.0	359.0	362.0	365.0	367.0	370.0	372.0	374.0	376.0	378.0	379.0	381.0	382.0	384.0	385.0	387.0	388.0
195	8.0	62.0	119.0	165.0	201.0	229.0	252.0	270.0	285.0	298.0	309.0	318.0	326.0	333.0	339.0	345.0	350.0	355.0	359.0	362.0	366.0	369.0	372.0	374.0	377.0	379.0	381.0	383.0	385.0	387.0	389.0	390.0	392.0	393.0	394.0	395.0	397.0	398.0	399.0	400.0
196	3.0	38.0	86.0	129.0	165.0	195.0	219.0	239.0	256.0	270.0	282.0	293.0	302.0	311.0	318.0	325.0	330.0	336.0	341.0	345.0	349.0	353.0	356.0	359.0	362.0	365.0	368.0	370.0	372.0	374.0	376.0	378.0	380.0	382.0	383.0	385.0	386.0	388.0	389.0	390.0
197	2.0	34.0	80.0	123.0	158.0	188.0	212.0	233.0	250.0	264.0	277.0	288.0	297.0	306.0	313.0	320.0	326.0	332.0	337.0	341.0	346.0	349.0	353.0	356.0	359.0	362.0	365.0	367.0	370.0	372.0	374.0	376.0	378.0	379.0	381.0	382.0	384.0	385.0	387.0	388.0
198	2.0	34.0	80.0	123.0	158.0	188.0	212.0	233.0	250.0	264.0	277.0	288.0	297.0	306.0	313.0	320.0	326.0	332.0	337.0	341.0	346.0	349.0	353.0	356.0	359.0	362.0	365.0	367.0	370.0	372.0	374.0	376.0	378.0	379.0	381.0	382.0	384.0	385.0	387.0	388.0
199	2.0	30.0	74.0	116.0	151.0	181.0	205.0	226.0	243.0	258.0	271.0	282.0	292.0	301.0	309.0	316.0	322.0	328.0	333.0	337.0	342.0	346.0	349.0	353.0	356.0	359.0	362.0	364.0	367.0	369.0	371.0	373.0	375.0	377.0	378.0	380.0	382.0	383.0	384.0	386.0
200	2.0	30.0	74.0	116.0	151.0	181.0	205.0	226.0	243.0	258.0	271.0	282.0	292.0	301.0	309.0	316.0	322.0	328.0	333.0	337.0	342.0	346.0	349.0	353.0	356.0	359.0	362.0	364.0	367.0	369.0	371.0	373.0	375.0	377.0	378.0	380.0	382.0	383.0	384.0	386.0
201	2.0	30.0	74.0	116.0	151.0	181.0	205.0	226.0	243.0	258.0	271.0	282.0	292.0	301.0	309.0	316.0	322.0	328.0	333.0	337.0	342.0	346.0	349.0	353.0	356.0	359.0	362.0	364.0	367.0	369.0	371.0	373.0	375.0	377.0	378.0	380.0	382.0	383.0	384.0	386.0
202	3.0	38.0	86.0	129.0	165.0	195.0	219.0	239.0	256.0	270.0	282.0	293.0	302.0	311.0	318.0	325.0	330.0	336.0	341.0	345.0	349.0	353.0	356.0	359.0	362.0	365.0	368.0	370.0	372.0	374.0	376.0	378.0	380.0	382.0	383.0	385.0	386.0	388.0	389.0	390.0
203	7.0	58.0	114.0	160.0	196.0	224.0	247.0	265.0	281.0	294.0	305.0	314.0	323.0	330.0	336.0	342.0	347.0	352.0	356.0	360.0	363.0	367.0	370.0	372.0	375.0	377.0	379.0	381.0	383.0	385.0	387.0	388.0	390.0	391.0	393.0	394.0	395.0	396.0	397.0	398.0
204	6.0	54.0	108.0	154.0	190.0	219.0	242.0	261.0	276.0	290.0	301.0	311.0	319.0	327.0	333.0	339.0	344.0	349.0	353.0	357.0	361.0	364.0	367.0	370.0	373.0	375.0	377.0	379.0	381.0	383.0	385.0	387.0	388.0	390.0	391.0	392.0	394.0	395.0	396.0	397.0
205	2.0	30.0	74.0	116.0	151.0	181.0	205.0	226.0	243.0	258.0	271.0	282.0	292.0	301.0	309.0	316.0	322.0	328.0	333.0	337.0	342.0	346.0	349.0	353.0	356.0	359.0	362.0	364.0	367.0	369.0	371.0	373.0	375.0	377.0	378.0	380.0	382.0	383.0	384.0	386.0
206	5.0	50.0	103.0	148.0	184.0	213.0	236.0	256.0	272.0	285.0	297.0	307.0	315.0	323.0	330.0	336.0	341.0	346.0	351.0	355.0	358.0	362.0	365.0	368.0	370.0	373.0	375.0	377.0	379.0	381.0	383.0	385.0	386.0	388.0	389.0	391.0	392.0	393.0	394.0	395.0
207	2.0	30.0	74.0	116.0	151.0	181.0	205.0	226.0	243.0	258.0	271.0	282.0	292.0	301.0	309.0	316.0	322.0	328.0	333.0	337.0	342.0	346.0	349.0	353.0	356.0	359.0	362.0	364.0	367.0	369.0	371.0	373.0	375.0	377.0	378.0	380.0	382.0	383.0	384.0	386.0
208	9.0	66.0	124.0	171.0	206.0	234.0	256.0	274.0	289.0	302.0	312.0	321.0	329.0	336.0	342.0	348.0	353.0	357.0	361.0	365.0	368.0	371.0	374.0	376.0	379.0	381.0	383.0	385.0	387.0	389.0	390.0	392.0	393.0	394.0	396.0	397.0	398.0	399.0	400.0	401.0
209	6.0	54.0	108.0	154.0	190.0	219.0	242.0	261.0	276.0	290.0	301.0	311.0	319.0	327.0	333.0	339.0	344.0	349.0	353.0	357.0	361.0	364.0	367.0	370.0	373.0	375.0	377.0	379.0	381.0	383.0	385.0	387.0	388.0	390.0	391.0	392.0	394.0	395.0	396.0	397.0
210	9.0	66.0	124.0	171.0	206.0	234.0	256.0	274.0	289.0	302.0	312.0	321.0	329.0	336.0	342.0	348.0	353.0	357.0	361.0	365.0	368.0	371.0	374.0	376.0	379.0	381.0	383.0	385.0	387.0	389.0	390.0	392.0	393.0	394.0	396.0	397.0	398.0	399.0	400.0	401.0
211	4.0	42.0	92.0	136.0	172.0	201.0	225.0	245.0	261.0	275.0	287.0	298.0	307.0	315.0	322.0	329.0	334.0	339.0	344.0	348.0	352.0	356.0	359.0	362.0	365.0	368.0	370.0	373.0	375.0	377.0	379.0	381.0	382.0	384.0	385.0	387.0	388.0	390.0	391.0	392.0
212	4.0	42.0	92.0	136.0	172.0	201.0	225.0	245.0	261.0	275.0	287.0	298.0	307.0	315.0	322.0	329.0	334.0	339.0	344.0	348.0	352.0	356.0	359.0	362.0	365.0	368.0	370.0	373.0	375.0	377.0	379.0	381.0	382.0	384.0	385.0	387.0	388.0	390.0	391.0	392.0
213	2.0	34.0	80.0	123.0	158.0	188.0	212.0	233.0	250.0	264.0	277.0	288.0	297.0	306.0	313.0	320.0	326.0	332.0	337.0	341.0	346.0	349.0	353.0	356.0	359.0	362.0	365.0	367.0	370.0	372.0	374.0	376.0	378.0	379.0	381.0	382.0	384.0	385.0	387.0	388.0
214	7.0	58.0	114.0	160.0	196.0	224.0	247.0	265.0	281.0	294.0	305.0	314.0	323.0	330.0	336.0	342.0	347.0	352.0	356.0	360.0	363.0	367.0	370.0	372.0	375.0	377.0	379.0	381.0	383.0	385.0	387.0	388.0	390.0	391.0	393.0	394.0	395.0	396.0	397.0	398.0
215	3.0	38.0	86.0	129.0	165.0	195.0	219.0	239.0	256.0	270.0	282.0	293.0	302.0	311.0	318.0	325.0	330.0	336.0	341.0	345.0	349.0	353.0	356.0	359.0	362.0	365.0	368.0	370.0	372.0	374.0	376.0	378.0	380.0	382.0	383.0	385.0	386.0	388.0	389.0	390.0
216	6.0	54.0	108.0	154.0	190.0	219.0	242.0	261.0	276.0	290.0	301.0	311.0	319.0	327.0	333.0	339.0	344.0	349.0	353.0	357.0	361.0	364.0	367.0	370.0	373.0	375.0	377.0	379.0	381.0	383.0	385.0	387.0	388.0	390.0	391.0	392.0	394.0	395.0	396.0	397.0
217	2.0	30.0	74.0	116.0	151.0	181.0	205.0	226.0	243.0	258.0	271.0	282.0	292.0	301.0	309.0	316.0	322.0	328.0	333.0	337.0	342.0	346.0	349.0	353.0	356.0	359.0	362.0	364.0	367.0	369.0	371.0	373.0	375.0	377.0	378.0	380.0	382.0	383.0	384.0	386.0
218	3.0	38.0	86.0	129.0	165.0	195.0	219.0	239.0	256.0	270.0	282.0	293.0	302.0	311.0	318.0	325.0	330.0	336.0	341.0	345.0	349.0	353.0	356.0	359.0	362.0	365.0	368.0	370.0	372.0	374.0	376.0	378.0	380.0	382.0	383.0	385.0	386.0	388.0	389.0	390.0
219	2.0	30.0	74.0	116.0	151.0	181.0	205.0	226.0	243.0	258.0	271.0	282.0	292.0	301.0	309.0	316.0	322.0	328.0	333.0	337.0	342.0	346.0	349.0	353.0	356.0	359.0	362.0	364.0	367.0	369.0	371.0	373.0	375.0	377.0	378.0	380.0	382.0	383.0	384.0	386.0
220	3.0	38.0	86.0	129.0	165.0	195.0	219.0	239.0	256.0	270.0	282.0	293.0	302.0	311.0	318.0	325.0	330.0	336.0	341.0	345.0	349.0	353.0	356.0	359.0	362.0	365.0	368.0	370.0	372.0	374.0	376.0	378.0	380.0	382.0	383.0	385.0	386.0	388.0	389.0	390.0
221	4.0	42.0	92.0	136.0	172.0	201.0	225.0	245.0	261.0	275.0	287.0	298.0	307.0	315.0	322.0	329.0	334.0	339.0	344.0	348.0	352.0	356.0	359.0	362.0	365.0	368.0	370.0	373.0	375.0	377.0	379.0	381.0	382.0	384.0	385.0	387.0	388.0	390.0	391.0	392.0
222	7.0	58.0	114.0	160.0	196.0	224.0	247.0	265.0	281.0	294.0	305.0	314.0	323.0	330.0	336.0	342.0	347.0	352.0	356.0	360.0	363.0	367.0	370.0	372.0	375.0	377.0	379.0	381.0	383.0	385.0	387.0	388.0	390.0	391.0	393.0	394.0	395.0	396.0	397.0	398.0
223	4.0	46.0	97.0	142.0	178.0	207.0	231.0	250.0	267.0	280.0	292.0	302.0	311.0	319.0	326.0	332.0	338.0	343.0	347.0	352.0	355.0	359.0	362.0	365.0	368.0	370.0	373.0	375.0	377.0	379.0	381.0	383.0	384.0	386.0	387.0	389.0	390.0	391.0	393.0	394.0
224	7.0	58.0	114.0	160.0	196.0	224.0	247.0	265.0	281.0	294.0	305.0	314.0	323.0	330.0	336.0	342.0	347.0	352.0	356.0	360.0	363.0	367.0	370.0	372.0	375.0	377.0	379.0	381.0	383.0	385.0	387.0	388.0	390.0	391.0	393.0	394.0	395.0	396.0	397.0	398.0
225	6.0	54.0	108.0	154.0	190.0	219.0	242.0	261.0	276.0	290.0	301.0	311.0	319.0	327.0	333.0	339.0	344.0	349.0	353.0	357.0	361.0	364.0	367.0	370.0	373.0	375.0	377.0	379.0	381.0	383.0	385.0	387.0	388.0	390.0	391.0	392.0	394.0	395.0	396.0	397.0
226	5.0	50.0	103.0	148.0	184.0	213.0	236.0	256.0	272.0	285.0	297.0	307.0	315.0	323.0	330.0	336.0	341.0	346.0	351.0	355.0	358.0	362.0	365.0	368.0	370.0	373.0	375.0	377.0	379.0	381.0	383.0	385.0	386.0	388.0	389.0	391.0	392.0	393.0	394.0	395.0
227	2.0	34.0	80.0	123.0	158.0	188.0	212.0	233.0	250.0	264.0	277.0	288.0	297.0	306.0	313.0	320.0	326.0	332.0	337.0	341.0	346.0	349.0	353.0	356.0	359.0	362.0	365.0	367.0	370.0	372.0	374.0	376.0	378.0	379.0	381.0	382.0	384.0	385.0	387.0	388.0
228	5.0	50.0	103.0	148.0	184.0	213.0	236.0	256.0	272.0	285.0	297.0	307.0	315.0	323.0	330.0	336.0	341.0	346.0	351.0	355.0	358.0	362.0	365.0	368.0	370.0	373.0	375.0	377.0	379.0	381.0	383.0	385.0	386.0	388.0	389.0	391.0	392.0	393.0	394.0	395.0
229	7.0	58.0	114.0	160.0	196.0	224.0	247.0	265.0	281.0	294.0	305.0	314.0	323.0	330.0	336.0	342.0	347.0	352.0	356.0	360.0	363.0	367.0	370.0	372.0	375.0	377.0	379.0	381.0	383.0	385.0	387.0	388.0	390.0	391.0	393.0	394.0	395.0	396.0	397.0	398.0
230	3.0	38.0	86.0	129.0	165.0	195.0	219.0	239.0	256.0	270.0	282.0	293.0	302.0	311.0	318.0	325.0	330.0	336.0	341.0	345.0	349.0	353.0	356.0	359.0	362.0	365.0	368.0	370.0	372.0	374.0	376.0	378.0	380.0	382.0	383.0	385.0	386.0	388.0	389.0	390.0
231	5.0	50.0	103.0	148.0	184.0	213.0	236.0	256.0	272.0	285.0	297.0	307.0	315.0	323.0	330.0	336.0	341.0	346.0	351.0	355.0	358.0	362.0	365.0	368.0	370.0	373.0	375.0	377.0	379.0	381.0	383.0	385.0	386.0	388.0	389.0	391.0	392.0	393.0	394.0	395.0
232	8.0	62.0	119.0	165.0	201.0	229.0	252.0	270.0	285.0	298.0	309.0	318.0	326.0	333.0	339.0	345.0	350.0	355.0	359.0	362.0	366.0	369.0	372.0	374.0	377.0	379.0	381.0	383.0	385.0	387.0	389.0	390.0	392.0	393.0	394.0	395.0	397.0	398.0	399.0	400.0
233	8.0	62.0	119.0	165.0	201.0	229.0	252.0	270.0	285.0	298.0	309.0	318.0	326.0	333.0	339.0	345.0	350.0	355.0	359.0	362.0	366.0	369.0	372.0	374.0	377.0	379.0	381.0	383.0	385.0	387.0	389.0	390.0	392.0	393.0	394.0	395.0	397.0	398.0	399.0	400.0
234	9.0	66.0	124.0	171.0	206.0	234.0	256.0	274.0	289.0	302.0	312.0	321.0	329.0	336.0	342.0	348.0	353.0	357.0	361.0	365.0	368.0	371.0	374.0	376.0	379.0	381.0	383.0	385.0	387.0	389.0	390.0	392.0	393.0	394.0	396.0	397.0	398.0	399.0	400.0	401.0
235	3.0	38.0	86.0	129.0	165.0	195.0	219.0	239.0	256.0	270.0	282.0	293.0	302.0	311.0	318.0	325.0	330.0	336.0	341.0	345.0	349.0	353.0	356.0	359.0	362.0	365.0	368.0	370.0	372.0	374.0	376.0	378.0	380.0	382.0	383.0	385.0	386.0	388.0	389.0	390.0
236	5.0	50.0	103.0	148.0	184.0	213.0	236.0	256.0	272.0	285.0	297.0	307.0	315.0	323.0	330.0	336.0	341.0	346.0	351.0	355.0	358.0	362.0	365.0	368.0	370.0	373.0	375.0	377.0	379.0	381.0	383.0	385.0	386.0	388.0	389.0	391.0	392.0	393.0	394.0	395.0
237	8.0	62.0	119.0	165.0	201.0	229.0	252.0	270.0	285.0	298.0	309.0	318.0	326.0	333.0	339.0	345.0	350.0	355.0	359.0	362.0	366.0	369.0	372.0	374.0	377.0	379.0	381.0	383.0	385.0	387.0	389.0	390.0	392.0	393.0	394.0	395.0	397.0	398.0	399.0	400.0
238	2.0	34.0	80.0	123.0	158.0	188.0	212.0	233.0	250.0	264.0	277.0	288.0	297.0	306.0	313.0	320.0	326.0	332.0	337.0	341.0	346.0	349.0	353.0	356.0	359.0	362.0	365.0	367.0	370.0	372.0	374.0	376.0	378.0	379.0	381.0	382.0	384.0	385.0	387.0	388.0
239	4.0	46.0	97.0	142.0	178.0	207.0	231.0	250.0	267.0	280.0	292.0	302.0	311.0	319.0	326.0	332.0	338.0	343.0	347.0	352.0	355.0	359.0	362.0	365.0	368.0	370.0	373.0	375.0	377.0	379.0	381.0	383.0	384.0	386.0	387.0	389.0	390.0	391.0	393.0	394.0
240	4.0	42.0	92.0	136.0	172.0	201.0	225.0	245.0	261.0	275.0	287.0	298.0	307.0	315.0	322.0	329.0	334.0	339.0	344.0	348.0	352.0	356.0	359.0	362.0	365.0	368.0	370.0	373.0	375.0	377.0	379.0	381.0	382.0	384.0	385.0	387.0	388.0	390.0	391.0	392.0
241	2.0	30.0	74.0	116.0	151.0	181.0	205.0	226.0	243.0	258.0	271.0	282.0	292.0	301.0	309.0	316.0	322.0	328.0	333.0	337.0	342.0	346.0	349.0	353.0	356.0	359.0	362.0	364.0	367.0	369.0	371.0	373.0	375.0	377.0	378.0	380.0	382.0	383.0	384.0	386.0
242	5.0	50.0	103.0	148.0	184.0	213.0	236.0	256.0	272.0	285.0	297.0	307.0	315.0	323.0	330.0	336.0	341.0	346.0	351.0	355.0	358.0	362.0	365.0	368.0	370.0	373.0	375.0	377.0	379.0	381.0	383.0	385.0	386.0	388.0	389.0	391.0	392.0	393.0	394.0	395.0
243	8.0	62.0	119.0	165.0	201.0	229.0	252.0	270.0	285.0	298.0	309.0	318.0	326.0	333.0	339.0	345.0	350.0	355.0	359.0	362.0	366.0	369.0	372.0	374.0	377.0	379.0	381.0	383.0	385.0	387.0	389.0	390.0	392.0	393.0	394.0	395.0	397.0	398.0	399.0	400.0
244	2.0	34.0	80.0	123.0	158.0	188.0	212.0	233.0	250.0	264.0	277.0	288.0	297.0	306.0	313.0	320.0	326.0	332.0	337.0	341.0	346.0	349.0	353.0	356.0	359.0	362.0	365.0	367.0	370.0	372.0	374.0	376.0	378.0	379.0	381.0	382.0	384.0	385.0	387.0	388.0
245	4.0	46.0	97.0	142.0	178.0	207.0	231.0	250.0	267.0	280.0	292.0	302.0	311.0	319.0	326.0	332.0	338.0	343.0	347.0	352.0	355.0	359.0	362.0	365.0	368.0	370.0	373.0	375.0	377.0	379.0	381.0	383.0	384.0	386.0	387.0	389.0	390.0	391.0	393.0	394.0
246	3.0	38.0	86.0	129.0	165.0	195.0	219.0	239.0	256.0	270.0	282.0	293.0	302.0	311.0	318.0	325.0	330.0	336.0	341.0	345.0	349.0	353.0	356.0	359.0	362.0	365.0	368.0	370.0	372.0	374.0	376.0	378.0	380.0	382.0	383.0	385.0	386.0	388.0	389.0	390.0
247	4.0	42.0	92.0	136.0	172.0	201.0	225.0	245.0	261.0	275.0	287.0	298.0	307.0	315.0	322.0	329.0	334.0	339.0	344.0	348.0	352.0	356.0	359.0	362.0	365.0	368.0	370.0	373.0	375.0	377.0	379.0	381.0	382.0	384.0	385.0	387.0	388.0	390.0	391.0	392.0
248	7.0	58.0	114.0	160.0	196.0	224.0	247.0	265.0	281.0	294.0	305.0	314.0	323.0	330.0	336.0	342.0	347.0	352.0	356.0	360.0	363.0	367.0	370.0	372.0	375.0	377.0	379.0	381.0	383.0	385.0	387.0	388.0	390.0	391.0	393.0	394.0	395.0	396.0	397.0	398.0
249	4.0	46.0	97.0	142.0	178.0	207.0	231.0	250.0	267.0	280.0	292.0	302.0	311.0	319.0	326.0	332.0	338.0	343.0	347.0	352.0	355.0	359.0	362.0	365.0	368.0	370.0	373.0	375.0	377.0	379.0	381.0	383.0	384.0	386.0	387.0	389.0	390.0	391.0	393.0	394.0
250	6.0	54.0	108.0	154.0	190.0	219.0	242.0	261.0	276.0	290.0	301.0	311.0	319.0	327.0	333.0	339.0	344.0	349.0	353.0	357.0	361.0	364.0	367.0	370.0	373.0	375.0	377.0	379.0	381.0	383.0	385.0	387.0	388.0	390.0	391.0	392.0	394.0	395.0	396.0	397.0
251	8.0	62.0	119.0	165.0	201.0	229.0	252.0	270.0	285.0	298.0	309.0	318.0	326.0	333.0	339.0	345.0	350.0	355.0	359.0	362.0	366.0	369.0	372.0	374.0	377.0	379.0	381.0	383.0	385.0	387.0	389.0	390.0	392.0	393.0	394.0	395.0	397.0	398.0	399.0	400.0
252	4.0	42.0	92.0	136.0	172.0	201.0	225.0	245.0	261.0	275.0	287.0	298.0	307.0	315.0	322.0	329.0	334.0	339.0	344.0	348.0	352.0	356.0	359.0	362.0	365.0	368.0	370.0	373.0	375.0	377.0	379.0	381.0	382.0	384.0	385.0	387.0	388.0	390.0	391.0	392.0
253	2.0	34.0	80.0	123.0	158.0	188.0	212.0	233.0	250.0	264.0	277.0	288.0	297.0	306.0	313.0	320.0	326.0	332.0	337.0	341.0	346.0	349.0	353.0	356.0	359.0	362.0	365.0	367.0	370.0	372.0	374.0	376.0	378.0	379.0	381.0	382.0	384.0	385.0	387.0	388.0
254	4.0	42.0	92.0	136.0	172.0	201.0	225.0	245.0	261.0	275.0	287.0	298.0	307.0	315.0	322.0	329.0	334.0	339.0	344.0	348.0	352.0	356.0	359.0	362.0	365.0	368.0	370.0	373.0	375.0	377.0	379.0	381.0	382.0	384.0	385.0	387.0	388.0	390.0	391.0	392.0
255	7.0	58.0	114.0	160.0	196.0	224.0	247.0	265.0	281.0	294.0	305.0	314.0	323.0	330.0	336.0	342.0	347.0	352.0	356.0	360.0	363.0	367.0	370.0	372.0	375.0	377.0	379.0	381.0	383.0	385.0	387.0	388.0	390.0	391.0	393.0	394.0	395.0	396.0	397.0	398.0
256	2.0	30.0	74.0	116.0	151.0	181.0	205.0	226.0	243.0	258.0	271.0	282.0	292.0	301.0	309.0	316.0	322.0	328.0	333.0	337.0	342.0	346.0	349.0	353.0	356.0	359.0	362.0	364.0	367.0	369.0	371.0	373.0	375.0	377.0	378.0	380.0	382.0	383.0	384.0	386.0
257	2.0	30.0	74.0	116.0	151.0	181.0	205.0	226.0	243.0	258.0	271.0	282.0	292.0	301.0	309.0	316.0	322.0	328.0	333.0	337.0	342.0	346.0	349.0	353.0	356.0	359.0	362.0	364.0	367.0	369.0	371.0	373.0	375.0	377.0	378.0	380.0	382.0	383.0	384.0	386.0
258	3.0	38.0	86.0	129.0	165.0	195.0	219.0	239.0	256.0	270.0	282.0	293.0	302.0	311.0	318.0	325.0	330.0	336.0	341.0	345.0	349.0	353.0	356.0	359.0	362.0	365.0	368.0	370.0	372.0	374.0	376.0	378.0	380.0	382.0	383.0	385.0	386.0	388.0	389.0	390.0
259	2.0	34.0	80.0	123.0	158.0	188.0	212.0	233.0	250.0	264.0	277.0	288.0	297.0	306.0	313.0	320.0	326.0	332.0	337.0	341.0	346.0	349.0	353.0	356.0	359.0	362.0	365.0	367.0	370.0	372.0	374.0	376.0	378.0	379.0	381.0	382.0	384.0	385.0	387.0	388.0
260	5.0	50.0	103.0	148.0	184.0	213.0	236.0	256.0	272.0	285.0	297.0	307.0	315.0	323.0	330.0	336.0	341.0	346.0	351.0	355.0	358.0	362.0	365.0	368.0	370.0	373.0	375.0	377.0	379.0	381.0	383.0	385.0	386.0	388.0	389.0	391.0	392.0	393.0	394.0	395.0
261	6.0	54.0	108.0	154.0	190.0	219.0	242.0	261.0	276.0	290.0	301.0	311.0	319.0	327.0	333.0	339.0	344.0	349.0	353.0	357.0	361.0	364.0	367.0	370.0	373.0	375.0	377.0	379.0	381.0	383.0	385.0	387.0	388.0	390.0	391.0	392.0	394.0	395.0	396.0	397.0
262	7.0	58.0	114.0	160.0	196.0	224.0	247.0	265.0	281.0	294.0	305.0	314.0	323.0	330.0	336.0	342.0	347.0	352.0	356.0	360.0	363.0	367.0	370.0	372.0	375.0	377.0	379.0	381.0	383.0	385.0	387.0	388.0	390.0	391.0	393.0	394.0	395.0	396.0	397.0	398.0
263	5.0	50.0	103.0	148.0	184.0	213.0	236.0	256.0	272.0	285.0	297.0	307.0	315.0	323.0	330.0	336.0	341.0	346.0	351.0	355.0	358.0	362.0	365.0	368.0	370.0	373.0	375.0	377.0	379.0	381.0	383.0	385.0	386.0	388.0	389.0	391.0	392.0	393.0	394.0	395.0
264	9.0	66.0	124.0	171.0	206.0	234.0	256.0	274.0	289.0	302.0	312.0	321.0	329.0	336.0	342.0	348.0	353.0	357.0	361.0	365.0	368.0	371.0	374.0	376.0	379.0	381.0	383.0	385.0	387.0	389.0	390.0	392.0	393.0	394.0	396.0	397.0	398.0	399.0	400.0	401.0
265	6.0	54.0	108.0	154.0	190.0	219.0	242.0	261.0	276.0	290.0	301.0	311.0	319.0	327.0	333.0	339.0	344.0	349.0	353.0	357.0	361.0	364.0	367.0	370.0	373.0	375.0	377.0	379.0	381.0	383.0	385.0	387.0	388.0	390.0	391.0	392.0	394.0	395.0	396.0	397.0
266	3.0	38.0	86.0	129.0	165.0	195.0	219.0	239.0	256.0	270.0	282.0	293.0	302.0	311.0	318.0	325.0	330.0	336.0	341.0	345.0	349.0	353.0	356.0	359.0	362.0	365.0	368.0	370.0	372.0	374.0	376.0	378.0	380.0	382.0	383.0	385.0	386.0	388.0	389.0	390.0
267	3.0	38.0	86.0	129.0	165.0	195.0	219.0	239.0	256.0	270.0	282.0	293.0	302.0	311.0	318.0	325.0	330.0	336.0	341.0	345.0	349.0	353.0	356.0	359.0	362.0	365.0	368.0	370.0	372.0	374.0	376.0	378.0	380.0	382.0	383.0	385.0	386.0	388.0	389.0	390.0
268	7.0	58.0	114.0	160.0	196.0	224.0	247.0	265.0	281.0	294.0	305.0	314.0	323.0	330.0	336.0	342.0	347.0	352.0	356.0	360.0	363.0	367.0	370.0	372.0	375.0	377.0	379.0	381.0	383.0	385.0	387.0	388.0	390.0	391.0	393.0	394.0	395.0	396.0	397.0	398.0
269	2.0	34.0	80.0	123.0	158.0	188.0	212.0	233.0	250.0	264.0	277.0	288.0	297.0	306.0	313.0	320.0	326.0	332.0	337.0	341.0	346.0	349.0	353.0	356.0	359.0	362.0	365.0	367.0	370.0	372.0	374.0	376.0	378.0	379.0	381.0	382.0	384.0	385.0	387.0	388.0
270	3.0	38.0	86.0	129.0	165.0	195.0	219.0	239.0	256.0	270.0	282.0	293.0	302.0	311.0	318.0	325.0	330.0	336.0	341.0	345.0	349.0	353.0	356.0	359.0	362.0	365.0	368.0	370.0	372.0	374.0	376.0	378.0	380.0	382.0	383.0	385.0	386.0	388.0	389.0	390.0
271	4.0	42.0	92.0	136.0	172.0	201.0	225.0	245.0	261.0	275.0	287.0	298.0	307.0	315.0	322.0	329.0	334.0	339.0	344.0	348.0	352.0	356.0	359.0	362.0	365.0	368.0	370.0	373.0	375.0	377.0	379.0	381.0	382.0	384.0	385.0	387.0	388.0	390.0	391.0	392.0
272	8.0	62.0	119.0	165.0	201.0	229.0	252.0	270.0	285.0	298.0	309.0	318.0	326.0	333.0	339.0	345.0	350.0	355.0	359.0	362.0	366.0	369.0	372.0	374.0	377.0	379.0	381.0	383.0	385.0	387.0	389.0	390.0	392.0	393.0	394.0	395.0	397.0	398.0	399.0	400.0
273	2.0	30.0	74.0	116.0	151.0	181.0	205.0	226.0	243.0	258.0	271.0	282.0	292.0	301.0	309.0	316.0	322.0	328.0	333.0	337.0	342.0	346.0	349.0	353.0	356.0	359.0	362.0	364.0	367.0	369.0	371.0	373.0	375.0	377.0	378.0	380.0	382.0	383.0	384.0	386.0
274	5.0	50.0	103.0	148.0	184.0	213.0	236.0	256.0	272.0	285.0	297.0	307.0	315.0	323.0	330.0	336.0	341.0	346.0	351.0	355.0	358.0	362.0	365.0	368.0	370.0	373.0	375.0	377.0	379.0	381.0	383.0	385.0	386.0	388.0	389.0	391.0	392.0	393.0	394.0	395.0
275	2.0	34.0	80.0	123.0	158.0	188.0	212.0	233.0	250.0	264.0	277.0	288.0	297.0	306.0	313.0	320.0	326.0	332.0	337.0	341.0	346.0	349.0	353.0	356.0	359.0	362.0	365.0	367.0	370.0	372.0	374.0	376.0	378.0	379.0	381.0	382.0	384.0	385.0	387.0	388.0
276	4.0	42.0	92.0	136.0	172.0	201.0	225.0	245.0	261.0	275.0	287.0	298.0	307.0	315.0	322.0	329.0	334.0	339.0	344.0	348.0	352.0	356.0	359.0	362.0	365.0	368.0	370.0	373.0	375.0	377.0	379.0	381.0	382.0	384.0	385.0	387.0	388.0	390.0	391.0	392.0
277	2.0	34.0	80.0	123.0	158.0	188.0	212.0	233.0	250.0	264.0	277.0	288.0	297.0	306.0	313.0	320.0	326.0	332.0	337.0	341.0	346.0	349.0	353.0	356.0	359.0	362.0	365.0	367.0	370.0	372.0	374.0	376.0	378.0	379.0	381.0	382.0	384.0	385.0	387.0	388.0
278	8.0	62.0	119.0	165.0	201.0	229.0	252.0	270.0	285.0	298.0	309.0	318.0	326.0	333.0	339.0	345.0	350.0	355.0	359.0	362.0	366.0	369.0	372.0	374.0	377.0	379.0	381.0	383.0	385.0	387.0	389.0	390.0	392.0	393.0	394.0	395.0	397.0	398.0	399.0	400.0
279	9.0	66.0	124.0	171.0	206.0	234.0	256.0	274.0	289.0	302.0	312.0	321.0	329.0	336.0	342.0	348.0	353.0	357.0	361.0	365.0	368.0	371.0	374.0	376.0	379.0	381.0	383.0	385.0	387.0	389.0	390.0	392.0	393.0	394.0	396.0	397.0	398.0	399.0	400.0	401.0
280	4.0	46.0	97.0	142.0	178.0	207.0	231.0	250.0	267.0	280.0	292.0	302.0	311.0	319.0	326.0	332.0	338.0	343.0	347.0	352.0	355.0	359.0	362.0	365.0	368.0	370.0	373.0	375.0	377.0	379.0	381.0	383.0	384.0	386.0	387.0	389.0	390.0	391.0	393.0	394.0
281	3.0	38.0	86.0	129.0	165.0	195.0	219.0	239.0	256.0	270.0	282.0	293.0	302.0	311.0	318.0	325.0	330.0	336.0	341.0	345.0	349.0	353.0	356.0	359.0	362.0	365.0	368.0	370.0	372.0	374.0	376.0	378.0	380.0	382.0	383.0	385.0	386.0	388.0	389.0	390.0
282	5.0	50.0	103.0	148.0	184.0	213.0	236.0	256.0	272.0	285.0	297.0	307.0	315.0	323.0	330.0	336.0	341.0	346.0	351.0	355.0	358.0	362.0	365.0	368.0	370.0	373.0	375.0	377.0	379.0	381.0	383.0	385.0	386.0	388.0	389.0	391.0	392.0	393.0	394.0	395.0
283	8.0	62.0	119.0	165.0	201.0	229.0	252.0	270.0	285.0	298.0	309.0	318.0	326.0	333.0	339.0	345.0	350.0	355.0	359.0	362.0	366.0	369.0	372.0	374.0	377.0	379.0	381.0	383.0	385.0	387.0	389.0	390.0	392.0	393.0	394.0	395.0	397.0	398.0	399.0	400.0
284	2.0	34.0	80.0	123.0	158.0	188.0	212.0	233.0	250.0	264.0	277.0	288.0	297.0	306.0	313.0	320.0	326.0	332.0	337.0	341.0	346.0	349.0	353.0	356.0	359.0	362.0	365.0	367.0	370.0	372.0	374.0	376.0	378.0	379.0	381.0	382.0	384.0	385.0	387.0	388.0
285	4.0	42.0	92.0	136.0	172.0	201.0	225.0	245.0	261.0	275.0	287.0	298.0	307.0	315.0	322.0	329.0	334.0	339.0	344.0	348.0	352.0	356.0	359.0	362.0	365.0	368.0	370.0	373.0	375.0	377.0	379.0	381.0	382.0	384.0	385.0	387.0	388.0	390.0	391.0	392.0
286	4.0	42.0	92.0	136.0	172.0	201.0	225.0	245.0	261.0	275.0	287.0	298.0	307.0	315.0	322.0	329.0	334.0	339.0	344.0	348.0	352.0	356.0	359.0	362.0	365.0	368.0	370.0	373.0	375.0	377.0	379.0	381.0	382.0	384.0	385.0	387.0	388.0	390.0	391.0	392.0
287	8.0	62.0	119.0	165.0	201.0	229.0	252.0	270.0	285.0	298.0	309.0	318.0	326.0	333.0	339.0	345.0	350.0	355.0	359.0	362.0	366.0	369.0	372.0	374.0	377.0	379.0	381.0	383.0	385.0	387.0	389.0	390.0	392.0	393.0	394.0	395.0	397.0	398.0	399.0	400.0
288	9.0	66.0	124.0	171.0	206.0	234.0	256.0	274.0	289.0	302.0	312.0	321.0	329.0	336.0	342.0	348.0	353.0	357.0	361.0	365.0	368.0	371.0	374.0	376.0	379.0	381.0	383.0	385.0	387.0	389.0	390.0	392.0	393.0	394.0	396.0	397.0	398.0	399.0	400.0	401.0
289	6.0	54.0	108.0	154.0	190.0	219.0	242.0	261.0	276.0	290.0	301.0	311.0	319.0	327.0	333.0	339.0	344.0	349.0	353.0	357.0	361.0	364.0	367.0	370.0	373.0	375.0	377.0	379.0	381.0	383.0	385.0	387.0	388.0	390.0	391.0	392.0	394.0	395.0	396.0	397.0
290	9.0	66.0	124.0	171.0	206.0	234.0	256.0	274.0	289.0	302.0	312.0	321.0	329.0	336.0	342.0	348.0	353.0	357.0	361.0	365.0	368.0	371.0	374.0	376.0	379.0	381.0	383.0	385.0	387.0	389.0	390.0	392.0	393.0	394.0	396.0	397.0	398.0	399.0	400.0	401.0
291	9.0	66.0	124.0	171.0	206.0	234.0	256.0	274.0	289.0	302.0	312.0	321.0	329.0	336.0	342.0	348.0	353.0	357.0	361.0	365.0	368.0	371.0	374.0	376.0	379.0	381.0	383.0	385.0	387.0	389.0	390.0	392.0	393.0	394.0	396.0	397.0	398.0	399.0	400.0	401.0
292	9.0	66.0	124.0	171.0	206.0	234.0	256.0	274.0	289.0	302.0	312.0	321.0	329.0	336.0	342.0	348.0	353.0	357.0	361.0	365.0	368.0	371.0	374.0	376.0	379.0	381.0	383.0	385.0	387.0	389.0	390.0	392.0	393.0	394.0	396.0	397.0	398.0	399.0	400.0	401.0
293	3.0	38.0	86.0	129.0	165.0	195.0	219.0	239.0	256.0	270.0	282.0	293.0	302.0	311.0	318.0	325.0	330.0	336.0	341.0	345.0	349.0	353.0	356.0	359.0	362.0	365.0	368.0	370.0	372.0	374.0	376.0	378.0	380.0	382.0	383.0	385.0	386.0	388.0	389.0	390.0
294	4.0	46.0	97.0	142.0	178.0	207.0	231.0	250.0	267.0	280.0	292.0	302.0	311.0	319.0	326.0	332.0	338.0	343.0	347.0	352.0	355.0	359.0	362.0	365.0	368.0	370.0	373.0	375.0	377.0	379.0	381.0	383.0	384.0	386.0	387.0	389.0	390.0	391.0	393.0	394.0
295	4.0	42.0	92.0	136.0	172.0	201.0	225.0	245.0	261.0	275.0	287.0	298.0	307.0	315.0	322.0	329.0	334.0	339.0	344.0	348.0	352.0	356.0	359.0	362.0	365.0	368.0	370.0	373.0	375.0	377.0	379.0	381.0	382.0	384.0	385.0	387.0	388.0	390.0	391.0	392.0
296	4.0	42.0	92.0	136.0	172.0	201.0	225.0	245.0	261.0	275.0	287.0	298.0	307.0	315.0	322.0	329.0	334.0	339.0	344.0	348.0	352.0	356.0	359.0	362.0	365.0	368.0	370.0	373.0	375.0	377.0	379.0	381.0	382.0	384.0	385.0	387.0	388.0	390.0	391.0	392.0
297	2.0	30.0	74.0	116.0	151.0	181.0	205.0	226.0	243.0	258.0	271.0	282.0	292.0	301.0	309.0	316.0	322.0	328.0	333.0	337.0	342.0	346.0	349.0	353.0	356.0	359.0	362.0	364.0	367.0	369.0	371.0	373.0	375.0	377.0	378.0	380.0	382.0	383.0	384.0	386.0
298	8.0	62.0	119.0	165.0	201.0	229.0	252.0	270.0	285.0	298.0	309.0	318.0	326.0	333.0	339.0	345.0	350.0	355.0	359.0	362.0	366.0	369.0	372.0	374.0	377.0	379.0	381.0	383.0	385.0	387.0	389.0	390.0	392.0	393.0	394.0	395.0	397.0	398.0	399.0	400.0
299	8.0	62.0	119.0	165.0	201.0	229.0	252.0	270.0	285.0	298.0	309.0	318.0	326.0	333.0	339.0	345.0	350.0	355.0	359.0	362.0	366.0	369.0	372.0	374.0	377.0	379.0	381.0	383.0	385.0	387.0	389.0	390.0	392.0	393.0	394.0	395.0	397.0	398.0	399.0	400.0
300	8.0	62.0	119.0	165.0	201.0	229.0	252.0	270.0	285.0	298.0	309.0	318.0	326.0	333.0	339.0	345.0	350.0	355.0	359.0	362.0	366.0	369.0	372.0	374.0	377.0	379.0	381.0	383.0	385.0	387.0	389.0	390.0	392.0	393.0	394.0	395.0	397.0	398.0	399.0	400.0
301	5.0	50.0	103.0	148.0	184.0	213.0	236.0	256.0	272.0	285.0	297.0	307.0	315.0	323.0	330.0	336.0	341.0	346.0	351.0	355.0	358.0	362.0	365.0	368.0	370.0	373.0	375.0	377.0	379.0	381.0	383.0	385.0	386.0	388.0	389.0	391.0	392.0	393.0	394.0	395.0
302	4.0	46.0	97.0	142.0	178.0	207.0	231.0	250.0	267.0	280.0	292.0	302.0	311.0	319.0	326.0	332.0	338.0	343.0	347.0	352.0	355.0	359.0	362.0	365.0	368.0	370.0	373.0	375.0	377.0	379.0	381.0	383.0	384.0	386.0	387.0	389.0	390.0	391.0	393.0	394.0
303	8.0	62.0	119.0	165.0	201.0	229.0	252.0	270.0	285.0	298.0	309.0	318.0	326.0	333.0	339.0	345.0	350.0	355.0	359.0	362.0	366.0	369.0	372.0	374.0	377.0	379.0	381.0	383.0	385.0	387.0	389.0	390.0	392.0	393.0	394.0	395.0	397.0	398.0	399.0	400.0
304	6.0	54.0	108.0	154.0	190.0	219.0	242.0	261.0	276.0	290.0	301.0	311.0	319.0	327.0	333.0	339.0	344.0	349.0	353.0	357.0	361.0	364.0	367.0	370.0	373.0	375.0	377.0	379.0	381.0	383.0	385.0	387.0	388.0	390.0	391.0	392.0	394.0	395.0	396.0	397.0
305	4.0	42.0	92.0	136.0	172.0	201.0	225.0	245.0	261.0	275.0	287.0	298.0	307.0	315.0	322.0	329.0	334.0	339.0	344.0	348.0	352.0	356.0	359.0	362.0	365.0	368.0	370.0	373.0	375.0	377.0	379.0	381.0	382.0	384.0	385.0	387.0	388.0	390.0	391.0	392.0
306	6.0	54.0	108.0	154.0	190.0	219.0	242.0	261.0	276.0	290.0	301.0	311.0	319.0	327.0	333.0	339.0	344.0	349.0	353.0	357.0	361.0	364.0	367.0	370.0	373.0	375.0	377.0	379.0	381.0	383.0	385.0	387.0	388.0	390.0	391.0	392.0	394.0	395.0	396.0	397.0
307	5.0	50.0	103.0	148.0	184.0	213.0	236.0	256.0	272.0	285.0	297.0	307.0	315.0	323.0	330.0	336.0	341.0	346.0	351.0	355.0	358.0	362.0	365.0	368.0	370.0	373.0	375.0	377.0	379.0	381.0	383.0	385.0	386.0	388.0	389.0	391.0	392.0	393.0	394.0	395.0
308	4.0	42.0	92.0	136.0	172.0	201.0	225.0	245.0	261.0	275.0	287.0	298.0	307.0	315.0	322.0	329.0	334.0	339.0	344.0	348.0	352.0	356.0	359.0	362.0	365.0	368.0	370.0	373.0	375.0	377.0	379.0	381.0	382.0	384.0	385.0	387.0	388.0	390.0	391.0	392.0
309	9.0	66.0	124.0	171.0	206.0	234.0	256.0	274.0	289.0	302.0	312.0	321.0	329.0	336.0	342.0	348.0	353.0	357.0	361.0	365.0	368.0	371.0	374.0	376.0	379.0	381.0	383.0	385.0	387.0	389.0	390.0	392.0	393.0	394.0	396.0	397.0	398.0	399.0	400.0	401.0
310	5.0	50.0	103.0	148.0	184.0	213.0	236.0	256.0	272.0	285.0	297.0	307.0	315.0	323.0	330.0	336.0	341.0	346.0	351.0	355.0	358.0	362.0	365.0	368.0	370.0	373.0	375.0	377.0	379.0	381.0	383.0	385.0	386.0	388.0	389.0	391.0	392.0	393.0	394.0	395.0
311	8.0	62.0	119.0	165.0	201.0	229.0	252.0	270.0	285.0	298.0	309.0	318.0	326.0	333.0	339.0	345.0	350.0	355.0	359.0	362.0	366.0	369.0	372.0	374.0	377.0	379.0	381.0	383.0	385.0	387.0	389.0	390.0	392.0	393.0	394.0	395.0	397.0	398.0	399.0	400.0
312	2.0	34.0	80.0	123.0	158.0	188.0	212.0	233.0	250.0	264.0	277.0	288.0	297.0	306.0	313.0	320.0	326.0	332.0	337.0	341.0	346.0	349.0	353.0	356.0	359.0	362.0	365.0	367.0	370.0	372.0	374.0	376.0	378.0	379.0	381.0	382.0	384.0	385.0	387.0	388.0
313	3.0	38.0	86.0	129.0	165.0	195.0	219.0	239.0	256.0	270.0	282.0	293.0	302.0	311.0	318.0	325.0	330.0	336.0	341.0	345.0	349.0	353.0	356.0	359.0	362.0	365.0	368.0	370.0	372.0	374.0	376.0	378.0	380.0	382.0	383.0	385.0	386.0	388.0	389.0	390.0
314	4.0	46.0	97.0	142.0	178.0	207.0	231.0	250.0	267.0	280.0	292.0	302.0	311.0	319.0	326.0	332.0	338.0	343.0	347.0	352.0	355.0	359.0	362.0	365.0	368.0	370.0	373.0	375.0	377.0	379.0	381.0	383.0	384.0	386.0	387.0	389.0	390.0	391.0	393.0	394.0
315	2.0	30.0	74.0	116.0	151.0	181.0	205.0	226.0	243.0	258.0	271.0	282.0	292.0	301.0	309.0	316.0	322.0	328.0	333.0	337.0	342.0	346.0	349.0	353.0	356.0	359.0	362.0	364.0	367.0	369.0	371.0	373.0	375.0	377.0	378.0	380.0	382.0	383.0	384.0	386.0
316	6.0	54.0	108.0	154.0	190.0	219.0	242.0	261.0	276.0	290.0	301.0	311.0	319.0	327.0	333.0	339.0	344.0	349.0	353.0	357.0	361.0	364.0	367.0	370.0	373.0	375.0	377.0	379.0	381.0	383.0	385.0	387.0	388.0	390.0	391.0	392.0	394.0	395.0	396.0	397.0
317	2.0	30.0	74.0	116.0	151.0	181.0	205.0	226.0	243.0	258.0	271.0	282.0	292.0	301.0	309.0	316.0	322.0	328.0	333.0	337.0	342.0	346.0	349.0	353.0	356.0	359.0	362.0	364.0	367.0	369.0	371.0	373.0	375.0	377.0	378.0	380.0	382.0	383.0	384.0	386.0
318	9.0	66.0	124.0	171.0	206.0	234.0	256.0	274.0	289.0	302.0	312.0	321.0	329.0	336.0	342.0	348.0	353.0	357.0	361.0	365.0	368.0	371.0	374.0	376.0	379.0	381.0	383.0	385.0	387.0	389.0	390.0	392.0	393.0	394.0	396.0	397.0	398.0	399.0	400.0	401.0
319	5.0	50.0	103.0	148.0	184.0	213.0	236.0	256.0	272.0	285.0	297.0	307.0	315.0	323.0	330.0	336.0	341.0	346.0	351.0	355.0	358.0	362.0	365.0	368.0	370.0	373.0	375.0	377.0	379.0	381.0	383.0	385.0	386.0	388.0	389.0	391.0	392.0	393.0	394.0	395.0
320	2.0	34.0	80.0	123.0	158.0	188.0	212.0	233.0	250.0	264.0	277.0	288.0	297.0	306.0	313.0	320.0	326.0	332.0	337.0	341.0	346.0	349.0	353.0	356.0	359.0	362.0	365.0	367.0	370.0	372.0	374.0	376.0	378.0	379.0	381.0	382.0	384.0	385.0	387.0	388.0
321	2.0	34.0	80.0	123.0	158.0	188.0	212.0	233.0	250.0	264.0	277.0	288.0	297.0	306.0	313.0	320.0	326.0	332.0	337.0	341.0	346.0	349.0	353.0	356.0	359.0	362.0	365.0	367.0	370.0	372.0	374.0	376.0	378.0	379.0	381.0	382.0	384.0	385.0	387.0	388.0
322	7.0	58.0	114.0	160.0	196.0	224.0	247.0	265.0	281.0	294.0	305.0	314.0	323.0	330.0	336.0	342.0	347.0	352.0	356.0	360.0	363.0	367.0	370.0	372.0	375.0	377.0	379.0	381.0	383.0	385.0	387.0	388.0	390.0	391.0	393.0	394.0	395.0	396.0	397.0	398.0
323	2.0	30.0	74.0	116.0	151.0	181.0	205.0	226.0	243.0	258.0	271.0	282.0	292.0	301.0	309.0	316.0	322.0	328.0	333.0	337.0	342.0	346.0	349.0	353.0	356.0	359.0	362.0	364.0	367.0	369.0	371.0	373.0	375.0	377.0	378.0	380.0	382.0	383.0	384.0	386.0
324	2.0	34.0	80.0	123.0	158.0	188.0	212.0	233.0	250.0	264.0	277.0	288.0	297.0	306.0	313.0	320.0	326.0	332.0	337.0	341.0	346.0	349.0	353.0	356.0	359.0	362.0	365.0	367.0	370.0	372.0	374.0	376.0	378.0	379.0	381.0	382.0	384.0	385.0	387.0	388.0
325	4.0	42.0	92.0	136.0	172.0	201.0	225.0	245.0	261.0	275.0	287.0	298.0	307.0	315.0	322.0	329.0	334.0	339.0	344.0	348.0	352.0	356.0	359.0	362.0	365.0	368.0	370.0	373.0	375.0	377.0	379.0	381.0	382.0	384.0	385.0	387.0	388.0	390.0	391.0	392.0
326	2.0	30.0	74.0	116.0	151.0	181.0	205.0	226.0	243.0	258.0	271.0	282.0	292.0	301.0	309.0	316.0	322.0	328.0	333.0	337.0	342.0	346.0	349.0	353.0	356.0	359.0	362.0	364.0	367.0	369.0	371.0	373.0	375.0	377.0	378.0	380.0	382.0	383.0	384.0	386.0
327	9.0	66.0	124.0	171.0	206.0	234.0	256.0	274.0	289.0	302.0	312.0	321.0	329.0	336.0	342.0	348.0	353.0	357.0	361.0	365.0	368.0	371.0	374.0	376.0	379.0	381.0	383.0	385.0	387.0	389.0	390.0	392.0	393.0	394.0	396.0	397.0	398.0	399.0	400.0	401.0
328	2.0	34.0	80.0	123.0	158.0	188.0	212.0	233.0	250.0	264.0	277.0	288.0	297.0	306.0	313.0	320.0	326.0	332.0	337.0	341.0	346.0	349.0	353.0	356.0	359.0	362.0	365.0	367.0	370.0	372.0	374.0	376.0	378.0	379.0	381.0	382.0	384.0	385.0	387.0	388.0
329	4.0	46.0	97.0	142.0	178.0	207.0	231.0	250.0	267.0	280.0	292.0	302.0	311.0	319.0	326.0	332.0	338.0	343.0	347.0	352.0	355.0	359.0	362.0	365.0	368.0	370.0	373.0	375.0	377.0	379.0	381.0	383.0	384.0	386.0	387.0	389.0	390.0	391.0	393.0	394.0
330	2.0	30.0	74.0	116.0	151.0	181.0	205.0	226.0	243.0	258.0	271.0	282.0	292.0	301.0	309.0	316.0	322.0	328.0	333.0	337.0	342.0	346.0	349.0	353.0	356.0	359.0	362.0	364.0	367.0	369.0	371.0	373.0	375.0	377.0	378.0	380.0	382.0	383.0	384.0	386.0
331	2.0	30.0	74.0	116.0	151.0	181.0	205.0	226.0	243.0	258.0	271.0	282.0	292.0	301.0	309.0	316.0	322.0	328.0	333.0	337.0	342.0	346.0	349.0	353.0	356.0	359.0	362.0	364.0	367.0	369.0	371.0	373.0	375.0	377.0	378.0	380.0	382.0	383.0	384.0	386.0
332	2.0	34.0	80.0	123.0	158.0	188.0	212.0	233.0	250.0	264.0	277.0	288.0	297.0	306.0	313.0	320.0	326.0	332.0	337.0	341.0	346.0	349.0	353.0	356.0	359.0	362.0	365.0	367.0	370.0	372.0	374.0	376.0	378.0	379.0	381.0	382.0	384.0	385.0	387.0	388.0
333	3.0	38.0	86.0	129.0	165.0	195.0	219.0	239.0	256.0	270.0	282.0	293.0	302.0	311.0	318.0	325.0	330.0	336.0	341.0	345.0	349.0	353.0	356.0	359.0	362.0	365.0	368.0	370.0	372.0	374.0	376.0	378.0	380.0	382.0	383.0	385.0	386.0	388.0	389.0	390.0
334	2.0	30.0	74.0	116.0	151.0	181.0	205.0	226.0	243.0	258.0	271.0	282.0	292.0	301.0	309.0	316.0	322.0	328.0	333.0	337.0	342.0	346.0	349.0	353.0	356.0	359.0	362.0	364.0	367.0	369.0	371.0	373.0	375.0	377.0	378.0	380.0	382.0	383.0	384.0	386.0
335	4.0	46.0	97.0	142.0	178.0	207.0	231.0	250.0	267.0	280.0	292.0	302.0	311.0	319.0	326.0	332.0	338.0	343.0	347.0	352.0	355.0	359.0	362.0	365.0	368.0	370.0	373.0	375.0	377.0	379.0	381.0	383.0	384.0	386.0	387.0	389.0	390.0	391.0	393.0	394.0
336	4.0	42.0	92.0	136.0	172.0	201.0	225.0	245.0	261.0	275.0	287.0	298.0	307.0	315.0	322.0	329.0	334.0	339.0	344.0	348.0	352.0	356.0	359.0	362.0	365.0	368.0	370.0	373.0	375.0	377.0	379.0	381.0	382.0	384.0	385.0	387.0	388.0	390.0	391.0	392.0
337	4.0	46.0	97.0	142.0	178.0	207.0	231.0	250.0	267.0	280.0	292.0	302.0	311.0	319.0	326.0	332.0	338.0	343.0	347.0	352.0	355.0	359.0	362.0	365.0	368.0	370.0	373.0	375.0	377.0	379.0	381.0	383.0	384.0	386.0	387.0	389.0	390.0	391.0	393.0	394.0
338	4.0	46.0	97.0	142.0	178.0	207.0	231.0	250.0	267.0	280.0	292.0	302.0	311.0	319.0	326.0	332.0	338.0	343.0	347.0	352.0	355.0	359.0	362.0	365.0	368.0	370.0	373.0	375.0	377.0	379.0	381.0	383.0	384.0	386.0	387.0	389.0	390.0	391.0	393.0	394.0
339	8.0	62.0	119.0	165.0	201.0	229.0	252.0	270.0	285.0	298.0	309.0	318.0	326.0	333.0	339.0	345.0	350.0	355.0	359.0	362.0	366.0	369.0	372.0	374.0	377.0	379.0	381.0	383.0	385.0	387.0	389.0	390.0	392.0	393.0	394.0	395.0	397.0	398.0	399.0	400.0
340	5.0	50.0	103.0	148.0	184.0	213.0	236.0	256.0	272.0	285.0	297.0	307.0	315.0	323.0	330.0	336.0	341.0	346.0	351.0	355.0	358.0	362.0	365.0	368.0	370.0	373.0	375.0	377.0	379.0	381.0	383.0	385.0	386.0	388.0	389.0	391.0	392.0	393.0	394.0	395.0
341	4.0	46.0	97.0	142.0	178.0	207.0	231.0	250.0	267.0	280.0	292.0	302.0	311.0	319.0	326.0	332.0	338.0	343.0	347.0	352.0	355.0	359.0	362.0	365.0	368.0	370.0	373.0	375.0	377.0	379.0	381.0	383.0	384.0	386.0	387.0	389.0	390.0	391.0	393.0	394.0
342	5.0	50.0	103.0	148.0	184.0	213.0	236.0	256.0	272.0	285.0	297.0	307.0	315.0	323.0	330.0	336.0	341.0	346.0	351.0	355.0	358.0	362.0	365.0	368.0	370.0	373.0	375.0	377.0	379.0	381.0	383.0	385.0	386.0	388.0	389.0	391.0	392.0	393.0	394.0	395.0
343	4.0	46.0	97.0	142.0	178.0	207.0	231.0	250.0	267.0	280.0	292.0	302.0	311.0	319.0	326.0	332.0	338.0	343.0	347.0	352.0	355.0	359.0	362.0	365.0	368.0	370.0	373.0	375.0	377.0	379.0	381.0	383.0	384.0	386.0	387.0	389.0	390.0	391.0	393.0	394.0
344	3.0	38.0	86.0	129.0	165.0	195.0	219.0	239.0	256.0	270.0	282.0	293.0	302.0	311.0	318.0	325.0	330.0	336.0	341.0	345.0	349.0	353.0	356.0	359.0	362.0	365.0	368.0	370.0	372.0	374.0	376.0	378.0	380.0	382.0	383.0	385.0	386.0	388.0	389.0	390.0
345	6.0	54.0	108.0	154.0	190.0	219.0	242.0	261.0	276.0	290.0	301.0	311.0	319.0	327.0	333.0	339.0	344.0	349.0	353.0	357.0	361.0	364.0	367.0	370.0	373.0	375.0	377.0	379.0	381.0	383.0	385.0	387.0	388.0	390.0	391.0	392.0	394.0	395.0	396.0	397.0
346	2.0	34.0	80.0	123.0	158.0	188.0	212.0	233.0	250.0	264.0	277.0	288.0	297.0	306.0	313.0	320.0	326.0	332.0	337.0	341.0	346.0	349.0	353.0	356.0	359.0	362.0	365.0	367.0	370.0	372.0	374.0	376.0	378.0	379.0	381.0	382.0	384.0	385.0	387.0	388.0
347	4.0	42.0	92.0	136.0	172.0	201.0	225.0	245.0	261.0	275.0	287.0	298.0	307.0	315.0	322.0	329.0	334.0	339.0	344.0	348.0	352.0	356.0	359.0	362.0	365.0	368.0	370.0	373.0	375.0	377.0	379.0	381.0	382.0	384.0	385.0	387.0	388.0	390.0	391.0	392.0
348	4.0	42.0	92.0	136.0	172.0	201.0	225.0	245.0	261.0	275.0	287.0	298.0	307.0	315.0	322.0	329.0	334.0	339.0	344.0	348.0	352.0	356.0	359.0	362.0	365.0	368.0	370.0	373.0	375.0	377.0	379.0	381.0	382.0	384.0	385.0	387.0	388.0	390.0	391.0	392.0
349	2.0	34.0	80.0	123.0	158.0	188.0	212.0	233.0	250.0	264.0	277.0	288.0	297.0	306.0	313.0	320.0	326.0	332.0	337.0	341.0	346.0	349.0	353.0	356.0	359.0	362.0	365.0	367.0	370.0	372.0	374.0	376.0	378.0	379.0	381.0	382.0	384.0	385.0	387.0	388.0
350	2.0	30.0	74.0	116.0	151.0	181.0	205.0	226.0	243.0	258.0	271.0	282.0	292.0	301.0	309.0	316.0	322.0	328.0	333.0	337.0	342.0	346.0	349.0	353.0	356.0	359.0	362.0	364.0	367.0	369.0	371.0	373.0	375.0	377.0	378.0	380.0	382.0	383.0	384.0	386.0
351	4.0	46.0	97.0	142.0	178.0	207.0	231.0	250.0	267.0	280.0	292.0	302.0	311.0	319.0	326.0	332.0	338.0	343.0	347.0	352.0	355.0	359.0	362.0	365.0	368.0	370.0	373.0	375.0	377.0	379.0	381.0	383.0	384.0	386.0	387.0	389.0	390.0	391.0	393.0	394.0
352	8.0	62.0	119.0	165.0	201.0	229.0	252.0	270.0	285.0	298.0	309.0	318.0	326.0	333.0	339.0	345.0	350.0	355.0	359.0	362.0	366.0	369.0	372.0	374.0	377.0	379.0	381.0	383.0	385.0	387.0	389.0	390.0	392.0	393.0	394.0	395.0	397.0	398.0	399.0	400.0
353	3.0	38.0	86.0	129.0	165.0	195.0	219.0	239.0	256.0	270.0	282.0	293.0	302.0	311.0	318.0	325.0	330.0	336.0	341.0	345.0	349.0	353.0	356.0	359.0	362.0	365.0	368.0	370.0	372.0	374.0	376.0	378.0	380.0	382.0	383.0	385.0	386.0	388.0	389.0	390.0
354	5.0	50.0	103.0	148.0	184.0	213.0	236.0	256.0	272.0	285.0	297.0	307.0	315.0	323.0	330.0	336.0	341.0	346.0	351.0	355.0	358.0	362.0	365.0	368.0	370.0	373.0	375.0	377.0	379.0	381.0	383.0	385.0	386.0	388.0	389.0	391.0	392.0	393.0	394.0	395.0
355	9.0	66.0	124.0	171.0	206.0	234.0	256.0	274.0	289.0	302.0	312.0	321.0	329.0	336.0	342.0	348.0	353.0	357.0	361.0	365.0	368.0	371.0	374.0	376.0	379.0	381.0	383.0	385.0	387.0	389.0	390.0	392.0	393.0	394.0	396.0	397.0	398.0	399.0	400.0	401.0
356	2.0	34.0	80.0	123.0	158.0	188.0	212.0	233.0	250.0	264.0	277.0	288.0	297.0	306.0	313.0	320.0	326.0	332.0	337.0	341.0	346.0	349.0	353.0	356.0	359.0	362.0	365.0	367.0	370.0	372.0	374.0	376.0	378.0	379.0	381.0	382.0	384.0	385.0	387.0	388.0
357	6.0	54.0	108.0	154.0	190.0	219.0	242.0	261.0	276.0	290.0	301.0	311.0	319.0	327.0	333.0	339.0	344.0	349.0	353.0	357.0	361.0	364.0	367.0	370.0	373.0	375.0	377.0	379.0	381.0	383.0	385.0	387.0	388.0	390.0	391.0	392.0	394.0	395.0	396.0	397.0
358	2.0	34.0	80.0	123.0	158.0	188.0	212.0	233.0	250.0	264.0	277.0	288.0	297.0	306.0	313.0	320.0	326.0	332.0	337.0	341.0	346.0	349.0	353.0	356.0	359.0	362.0	365.0	367.0	370.0	372.0	374.0	376.0	378.0	379.0	381.0	382.0	384.0	385.0	387.0	388.0
359	5.0	50.0	103.0	148.0	184.0	213.0	236.0	256.0	272.0	285.0	297.0	307.0	315.0	323.0	330.0	336.0	341.0	346.0	351.0	355.0	358.0	362.0	365.0	368.0	370.0	373.0	375.0	377.0	379.0	381.0	383.0	385.0	386.0	388.0	389.0	391.0	392.0	393.0	394.0	395.0
360	6.0	54.0	108.0	154.0	190.0	219.0	242.0	261.0	276.0	290.0	301.0	311.0	319.0	327.0	333.0	339.0	344.0	349.0	353.0	357.0	361.0	364.0	367.0	370.0	373.0	375.0	377.0	379.0	381.0	383.0	385.0	387.0	388.0	390.0	391.0	392.0	394.0	395.0	396.0	397.0
361	2.0	30.0	74.0	116.0	151.0	181.0	205.0	226.0	243.0	258.0	271.0	282.0	292.0	301.0	309.0	316.0	322.0	328.0	333.0	337.0	342.0	346.0	349.0	353.0	356.0	359.0	362.0	364.0	367.0	369.0	371.0	373.0	375.0	377.0	378.0	380.0	382.0	383.0	384.0	386.0
362	2.0	34.0	80.0	123.0	158.0	188.0	212.0	233.0	250.0	264.0	277.0	288.0	297.0	306.0	313.0	320.0	326.0	332.0	337.0	341.0	346.0	349.0	353.0	356.0	359.0	362.0	365.0	367.0	370.0	372.0	374.0	376.0	378.0	379.0	381.0	382.0	384.0	385.0	387.0	388.0
363	2.0	34.0	80.0	123.0	158.0	188.0	212.0	233.0	250.0	264.0	277.0	288.0	297.0	306.0	313.0	320.0	326.0	332.0	337.0	341.0	346.0	349.0	353.0	356.0	359.0	362.0	365.0	367.0	370.0	372.0	374.0	376.0	378.0	379.0	381.0	382.0	384.0	385.0	387.0	388.0
364	7.0	58.0	114.0	160.0	196.0	224.0	247.0	265.0	281.0	294.0	305.0	314.0	323.0	330.0	336.0	342.0	347.0	352.0	356.0	360.0	363.0	367.0	370.0	372.0	375.0	377.0	379.0	381.0	383.0	385.0	387.0	388.0	390.0	391.0	393.0	394.0	395.0	396.0	397.0	398.0
365	8.0	62.0	119.0	165.0	201.0	229.0	252.0	270.0	285.0	298.0	309.0	318.0	326.0	333.0	339.0	345.0	350.0	355.0	359.0	362.0	366.0	369.0	372.0	374.0	377.0	379.0	381.0	383.0	385.0	387.0	389.0	390.0	392.0	393.0	394.0	395.0	397.0	398.0	399.0	400.0
366	8.0	62.0	119.0	165.0	201.0	229.0	252.0	270.0	285.0	298.0	309.0	318.0	326.0	333.0	339.0	345.0	350.0	355.0	359.0	362.0	366.0	369.0	372.0	374.0	377.0	379.0	381.0	383.0	385.0	387.0	389.0	390.0	392.0	393.0	394.0	395.0	397.0	398.0	399.0	400.0
367	4.0	42.0	92.0	136.0	172.0	201.0	225.0	245.0	261.0	275.0	287.0	298.0	307.0	315.0	322.0	329.0	334.0	339.0	344.0	348.0	352.0	356.0	359.0	362.0	365.0	368.0	370.0	373.0	375.0	377.0	379.0	381.0	382.0	384.0	385.0	387.0	388.0	390.0	391.0	392.0
368	5.0	50.0	103.0	148.0	184.0	213.0	236.0	256.0	272.0	285.0	297.0	307.0	315.0	323.0	330.0	336.0	341.0	346.0	351.0	355.0	358.0	362.0	365.0	368.0	370.0	373.0	375.0	377.0	379.0	381.0	383.0	385.0	386.0	388.0	389.0	391.0	392.0	393.0	394.0	395.0
369	2.0	30.0	74.0	116.0	151.0	181.0	205.0	226.0	243.0	258.0	271.0	282.0	292.0	301.0	309.0	316.0	322.0	328.0	333.0	337.0	342.0	346.0	349.0	353.0	356.0	359.0	362.0	364.0	367.0	369.0	371.0	373.0	375.0	377.0	378.0	380.0	382.0	383.0	384.0	386.0
370	4.0	42.0	92.0	136.0	172.0	201.0	225.0	245.0	261.0	275.0	287.0	298.0	307.0	315.0	322.0	329.0	334.0	339.0	344.0	348.0	352.0	356.0	359.0	362.0	365.0	368.0	370.0	373.0	375.0	377.0	379.0	381.0	382.0	384.0	385.0	387.0	388.0	390.0	391.0	392.0
371	7.0	58.0	114.0	160.0	196.0	224.0	247.0	265.0	281.0	294.0	305.0	314.0	323.0	330.0	336.0	342.0	347.0	352.0	356.0	360.0	363.0	367.0	370.0	372.0	375.0	377.0	379.0	381.0	383.0	385.0	387.0	388.0	390.0	391.0	393.0	394.0	395.0	396.0	397.0	398.0
372	9.0	66.0	124.0	171.0	206.0	234.0	256.0	274.0	289.0	302.0	312.0	321.0	329.0	336.0	342.0	348.0	353.0	357.0	361.0	365.0	368.0	371.0	374.0	376.0	379.0	381.0	383.0	385.0	387.0	389.0	390.0	392.0	393.0	394.0	396.0	397.0	398.0	399.0	400.0	401.0
373	4.0	46.0	97.0	142.0	178.0	207.0	231.0	250.0	267.0	280.0	292.0	302.0	311.0	319.0	326.0	332.0	338.0	343.0	347.0	352.0	355.0	359.0	362.0	365.0	368.0	370.0	373.0	375.0	377.0	379.0	381.0	383.0	384.0	386.0	387.0	389.0	390.0	391.0	393.0	394.0
374	4.0	42.0	92.0	136.0	172.0	201.0	225.0	245.0	261.0	275.0	287.0	298.0	307.0	315.0	322.0	329.0	334.0	339.0	344.0	348.0	352.0	356.0	359.0	362.0	365.0	368.0	370.0	373.0	375.0	377.0	379.0	381.0	382.0	384.0	385.0	387.0	388.0	390.0	391.0	392.0
375	7.0	58.0	114.0	160.0	196.0	224.0	247.0	265.0	281.0	294.0	305.0	314.0	323.0	330.0	336.0	342.0	347.0	352.0	356.0	360.0	363.0	367.0	370.0	372.0	375.0	377.0	379.0	381.0	383.0	385.0	387.0	388.0	390.0	391.0	393.0	394.0	395.0	396.0	397.0	398.0
376	7.0	58.0	114.0	160.0	196.0	224.0	247.0	265.0	281.0	294.0	305.0	314.0	323.0	330.0	336.0	342.0	347.0	352.0	356.0	360.0	363.0	367.0	370.0	372.0	375.0	377.0	379.0	381.0	383.0	385.0	387.0	388.0	390.0	391.0	393.0	394.0	395.0	396.0	397.0	398.0
377	4.0	42.0	92.0	136.0	172.0	201.0	225.0	245.0	261.0	275.0	287.0	298.0	307.0	315.0	322.0	329.0	334.0	339.0	344.0	348.0	352.0	356.0	359.0	362.0	365.0	368.0	370.0	373.0	375.0	377.0	379.0	381.0	382.0	384.0	385.0	387.0	388.0	390.0	391.0	392.0
378	2.0	30.0	74.0	116.0	151.0	181.0	205.0	226.0	243.0	258.0	271.0	282.0	292.0	301.0	309.0	316.0	322.0	328.0	333.0	337.0	342.0	346.0	349.0	353.0	356.0	359.0	362.0	364.0	367.0	369.0	371.0	373.0	375.0	377.0	378.0	380.0	382.0	383.0	384.0	386.0
379	9.0	66.0	124.0	171.0	206.0	234.0	256.0	274.0	289.0	302.0	312.0	321.0	329.0	336.0	342.0	348.0	353.0	357.0	361.0	365.0	368.0	371.0	374.0	376.0	379.0	381.0	383.0	385.0	387.0	389.0	390.0	392.0	393.0	394.0	396.0	397.0	398.0	399.0	400.0	401.0
380	5.0	50.0	103.0	148.0	184.0	213.0	236.0	256.0	272.0	285.0	297.0	307.0	315.0	323.0	330.0	336.0	341.0	346.0	351.0	355.0	358.0	362.0	365.0	368.0	370.0	373.0	375.0	377.0	379.0	381.0	383.0	385.0	386.0	388.0	389.0	391.0	392.0	393.0	394.0	395.0
381	4.0	46.0	97.0	142.0	178.0	207.0	231.0	250.0	267.0	280.0	292.0	302.0	311.0	319.0	326.0	332.0	338.0	343.0	347.0	352.0	355.0	359.0	362.0	365.0	368.0	370.0	373.0	375.0	377.0	379.0	381.0	383.0	384.0	386.0	387.0	389.0	390.0	391.0	393.0	394.0
382	2.0	34.0	80.0	123.0	158.0	188.0	212.0	233.0	250.0	264.0	277.0	288.0	297.0	306.0	313.0	320.0	326.0	332.0	337.0	341.0	346.0	349.0	353.0	356.0	359.0	362.0	365.0	367.0	370.0	372.0	374.0	376.0	378.0	379.0	381.0	382.0	384.0	385.0	387.0	388.0
383	4.0	42.0	92.0	136.0	172.0	201.0	225.0	245.0	261.0	275.0	287.0	298.0	307.0	315.0	322.0	329.0	334.0	339.0	344.0	348.0	352.0	356.0	359.0	362.0	365.0	368.0	370.0	373.0	375.0	377.0	379.0	381.0	382.0	384.0	385.0	387.0	388.0	390.0	391.0	392.0
384	2.0	30.0	74.0	116.0	151.0	181.0	205.0	226.0	243.0	258.0	271.0	282.0	292.0	301.0	309.0	316.0	322.0	328.0	333.0	337.0	342.0	346.0	349.0	353.0	356.0	359.0	362.0	364.0	367.0	369.0	371.0	373.0	375.0	377.0	378.0	380.0	382.0	383.0	384.0	386.0
385	2.0	30.0	74.0	116.0	151.0	181.0	205.0	226.0	243.0	258.0	271.0	282.0	292.0	301.0	309.0	316.0	322.0	328.0	333.0	337.0	342.0	346.0	349.0	353.0	356.0	359.0	362.0	364.0	367.0	369.0	371.0	373.0	375.0	377.0	378.0	380.0	382.0	383.0	384.0	386.0
386	4.0	42.0	92.0	136.0	172.0	201.0	225.0	245.0	261.0	275.0	287.0	298.0	307.0	315.0	322.0	329.0	334.0	339.0	344.0	348.0	352.0	356.0	359.0	362.0	365.0	368.0	370.0	373.0	375.0	377.0	379.0	381.0	382.0	384.0	385.0	387.0	388.0	390.0	391.0	392.0
387	4.0	42.0	92.0	136.0	172.0	201.0	225.0	245.0	261.0	275.0	287.0	298.0	307.0	315.0	322.0	329.0	334.0	339.0	344.0	348.0	352.0	356.0	359.0	362.0	365.0	368.0	370.0	373.0	375.0	377.0	379.0	381.0	382.0	384.0	385.0	387.0	388.0	390.0	391.0	392.0
388	2.0	34.0	80.0	123.0	158.0	188.0	212.0	233.0	250.0	264.0	277.0	288.0	297.0	306.0	313.0	320.0	326.0	332.0	337.0	341.0	346.0	349.0	353.0	356.0	359.0	362.0	365.0	367.0	370.0	372.0	374.0	376.0	378.0	379.0	381.0	382.0	384.0	385.0	387.0	388.0
389	5.0	50.0	103.0	148.0	184.0	213.0	236.0	256.0	272.0	285.0	297.0	307.0	315.0	323.0	330.0	336.0	341.0	346.0	351.0	355.0	358.0	362.0	365.0	368.0	370.0	373.0	375.0	377.0	379.0	381.0	383.0	385.0	386.0	388.0	389.0	391.0	392.0	393.0	394.0	395.0
390	2.0	30.0	74.0	116.0	151.0	181.0	205.0	226.0	243.0	258.0	271.0	282.0	292.0	301.0	309.0	316.0	322.0	328.0	333.0	337.0	342.0	346.0	349.0	353.0	356.0	359.0	362.0	364.0	367.0	369.0	371.0	373.0	375.0	377.0	378.0	380.0	382.0	383.0	384.0	386.0
391	3.0	38.0	86.0	129.0	165.0	195.0	219.0	239.0	256.0	270.0	282.0	293.0	302.0	311.0	318.0	325.0	330.0	336.0	341.0	345.0	349.0	353.0	356.0	359.0	362.0	365.0	368.0	370.0	372.0	374.0	376.0	378.0	380.0	382.0	383.0	385.0	386.0	388.0	389.0	390.0
392	9.0	66.0	124.0	171.0	206.0	234.0	256.0	274.0	289.0	302.0	312.0	321.0	329.0	336.0	342.0	348.0	353.0	357.0	361.0	365.0	368.0	371.0	374.0	376.0	379.0	381.0	383.0	385.0	387.0	389.0	390.0	392.0	393.0	394.0	396.0	397.0	398.0	399.0	400.0	401.0
393	6.0	54.0	108.0	154.0	190.0	219.0	242.0	261.0	276.0	290.0	301.0	311.0	319.0	327.0	333.0	339.0	344.0	349.0	353.0	357.0	361.0	364.0	367.0	370.0	373.0	375.0	377.0	379.0	381.0	383.0	385.0	387.0	388.0	390.0	391.0	392.0	394.0	395.0	396.0	397.0
394	2.0	30.0	74.0	116.0	151.0	181.0	205.0	226.0	243.0	258.0	271.0	282.0	292.0	301.0	309.0	316.0	322.0	328.0	333.0	337.0	342.0	346.0	349.0	353.0	356.0	359.0	362.0	364.0	367.0	369.0	371.0	373.0	375.0	377.0	378.0	380.0	382.0	383.0	384.0	386.0
395	3.0	38.0	86.0	129.0	165.0	195.0	219.0	239.0	256.0	270.0	282.0	293.0	302.0	311.0	318.0	325.0	330.0	336.0	341.0	345.0	349.0	353.0	356.0	359.0	362.0	365.0	368.0	370.0	372.0	374.0	376.0	378.0	380.0	382.0	383.0	385.0	386.0	388.0	389.0	390.0
396	4.0	46.0	97.0	142.0	178.0	207.0	231.0	250.0	267.0	280.0	292.0	302.0	311.0	319.0	326.0	332.0	338.0	343.0	347.0	352.0	355.0	359.0	362.0	365.0	368.0	370.0	373.0	375.0	377.0	379.0	381.0	383.0	384.0	386.0	387.0	389.0	390.0	391.0	393.0	394.0
397	7.0	58.0	114.0	160.0	196.0	224.0	247.0	265.0	281.0	294.0	305.0	314.0	323.0	330.0	336.0	342.0	347.0	352.0	356.0	360.0	363.0	367.0	370.0	372.0	375.0	377.0	379.0	381.0	383.0	385.0	387.0	388.0	390.0	391.0	393.0	394.0	395.0	396.0	397.0	398.0
398	7.0	58.0	114.0	160.0	196.0	224.0	247.0	265.0	281.0	294.0	305.0	314.0	323.0	330.0	336.0	342.0	347.0	352.0	356.0	360.0	363.0	367.0	370.0	372.0	375.0	377.0	379.0	381.0	383.0	385.0	387.0	388.0	390.0	391.0	393.0	394.0	395.0	396.0	397.0	398.0
399	7.0	58.0	114.0	160.0	196.0	224.0	247.0	265.0	281.0	294.0	305.0	314.0	323.0	330.0	336.0	342.0	347.0	352.0	356.0	360.0	363.0	367.0	370.0	372.0	375.0	377.0	379.0	381.0	383.0	385.0	387.0	388.0	390.0	391.0	393.0	394.0	395.0	396.0	397.0	398.0
400	4.0	42.0	92.0	136.0	172.0	201.0	225.0	245.0	261.0	275.0	287.0	298.0	307.0	315.0	322.0	329.0	334.0	339.0	344.0	348.0	352.0	356.0	359.0	362.0	365.0	368.0	370.0	373.0	375.0	377.0	379.0	381.0	382.0	384.0	385.0	387.0	388.0	390.0	391.0	392.0
401	2.0	30.0	74.0	116.0	151.0	181.0	205.0	226.0	243.0	258.0	271.0	282.0	292.0	301.0	309.0	316.0	322.0	328.0	333.0	337.0	342.0	346.0	349.0	353.0	356.0	359.0	362.0	364.0	367.0	369.0	371.0	373.0	375.0	377.0	378.0	380.0	382.0	383.0	384.0	386.0
402	2.0	30.0	74.0	116.0	151.0	181.0	205.0	226.0	243.0	258.0	271.0	282.0	292.0	301.0	309.0	316.0	322.0	328.0	333.0	337.0	342.0	346.0	349.0	353.0	356.0	359.0	362.0	364.0	367.0	369.0	371.0	373.0	375.0	377.0	378.0	380.0	382.0	383.0	384.0	386.0
403	6.0	54.0	108.0	154.0	190.0	219.0	242.0	261.0	276.0	290.0	301.0	311.0	319.0	327.0	333.0	339.0	344.0	349.0	353.0	357.0	361.0	364.0	367.0	370.0	373.0	375.0	377.0	379.0	381.0	383.0	385.0	387.0	388.0	390.0	391.0	392.0	394.0	395.0	396.0	397.0
404	4.0	46.0	97.0	142.0	178.0	207.0	231.0	250.0	267.0	280.0	292.0	302.0	311.0	319.0	326.0	332.0	338.0	343.0	347.0	352.0	355.0	359.0	362.0	365.0	368.0	370.0	373.0	375.0	377.0	379.0	381.0	383.0	384.0	386.0	387.0	389.0	390.0	391.0	393.0	394.0
405	7.0	58.0	114.0	160.0	196.0	224.0	247.0	265.0	281.0	294.0	305.0	314.0	323.0	330.0	336.0	342.0	347.0	352.0	356.0	360.0	363.0	367.0	370.0	372.0	375.0	377.0	379.0	381.0	383.0	385.0	387.0	388.0	390.0	391.0	393.0	394.0	395.0	396.0	397.0	398.0
406	4.0	42.0	92.0	136.0	172.0	201.0	225.0	245.0	261.0	275.0	287.0	298.0	307.0	315.0	322.0	329.0	334.0	339.0	344.0	348.0	352.0	356.0	359.0	362.0	365.0	368.0	370.0	373.0	375.0	377.0	379.0	381.0	382.0	384.0	385.0	387.0	388.0	390.0	391.0	392.0
407	3.0	38.0	86.0	129.0	165.0	195.0	219.0	239.0	256.0	270.0	282.0	293.0	302.0	311.0	318.0	325.0	330.0	336.0	341.0	345.0	349.0	353.0	356.0	359.0	362.0	365.0	368.0	370.0	372.0	374.0	376.0	378.0	380.0	382.0	383.0	385.0	386.0	388.0	389.0	390.0
408	4.0	46.0	97.0	142.0	178.0	207.0	231.0	250.0	267.0	280.0	292.0	302.0	311.0	319.0	326.0	332.0	338.0	343.0	347.0	352.0	355.0	359.0	362.0	365.0	368.0	370.0	373.0	375.0	377.0	379.0	381.0	383.0	384.0	386.0	387.0	389.0	390.0	391.0	393.0	394.0
409	5.0	50.0	103.0	148.0	184.0	213.0	236.0	256.0	272.0	285.0	297.0	307.0	315.0	323.0	330.0	336.0	341.0	346.0	351.0	355.0	358.0	362.0	365.0	368.0	370.0	373.0	375.0	377.0	379.0	381.0	383.0	385.0	386.0	388.0	389.0	391.0	392.0	393.0	394.0	395.0
410	7.0	58.0	114.0	160.0	196.0	224.0	247.0	265.0	281.0	294.0	305.0	314.0	323.0	330.0	336.0	342.0	347.0	352.0	356.0	360.0	363.0	367.0	370.0	372.0	375.0	377.0	379.0	381.0	383.0	385.0	387.0	388.0	390.0	391.0	393.0	394.0	395.0	396.0	397.0	398.0
411	4.0	42.0	92.0	136.0	172.0	201.0	225.0	245.0	261.0	275.0	287.0	298.0	307.0	315.0	322.0	329.0	334.0	339.0	344.0	348.0	352.0	356.0	359.0	362.0	365.0	368.0	370.0	373.0	375.0	377.0	379.0	381.0	382.0	384.0	385.0	387.0	388.0	390.0	391.0	392.0
412	3.0	38.0	86.0	129.0	165.0	195.0	219.0	239.0	256.0	270.0	282.0	293.0	302.0	311.0	318.0	325.0	330.0	336.0	341.0	345.0	349.0	353.0	356.0	359.0	362.0	365.0	368.0	370.0	372.0	374.0	376.0	378.0	380.0	382.0	383.0	385.0	386.0	388.0	389.0	390.0
413	8.0	62.0	119.0	165.0	201.0	229.0	252.0	270.0	285.0	298.0	309.0	318.0	326.0	333.0	339.0	345.0	350.0	355.0	359.0	362.0	366.0	369.0	372.0	374.0	377.0	379.0	381.0	383.0	385.0	387.0	389.0	390.0	392.0	393.0	394.0	395.0	397.0	398.0	399.0	400.0
414	2.0	30.0	74.0	116.0	151.0	181.0	205.0	226.0	243.0	258.0	271.0	282.0	292.0	301.0	309.0	316.0	322.0	328.0	333.0	337.0	342.0	346.0	349.0	353.0	356.0	359.0	362.0	364.0	367.0	369.0	371.0	373.0	375.0	377.0	378.0	380.0	382.0	383.0	384.0	386.0
415	4.0	42.0	92.0	136.0	172.0	201.0	225.0	245.0	261.0	275.0	287.0	298.0	307.0	315.0	322.0	329.0	334.0	339.0	344.0	348.0	352.0	356.0	359.0	362.0	365.0	368.0	370.0	373.0	375.0	377.0	379.0	381.0	382.0	384.0	385.0	387.0	388.0	390.0	391.0	392.0
416	9.0	66.0	124.0	171.0	206.0	234.0	256.0	274.0	289.0	302.0	312.0	321.0	329.0	336.0	342.0	348.0	353.0	357.0	361.0	365.0	368.0	371.0	374.0	376.0	379.0	381.0	383.0	385.0	387.0	389.0	390.0	392.0	393.0	394.0	396.0	397.0	398.0	399.0	400.0	401.0
